Precision	Recall
1.0	0.0
1.0	0.00042643923240938164
1.0	0.0008528784648187633
1.0	0.001279317697228145
1.0	0.0017057569296375266
1.0	0.0021321961620469083
1.0	0.00255863539445629
1.0	0.0029850746268656717
1.0	0.003411513859275053
1.0	0.003837953091684435
1.0	0.0042643923240938165
1.0	0.004690831556503198
1.0	0.00511727078891258
1.0	0.005543710021321962
1.0	0.005970149253731343
1.0	0.006396588486140725
1.0	0.006823027718550106
1.0	0.007249466950959489
1.0	0.00767590618336887
1.0	0.008102345415778252
1.0	0.008528784648187633
1.0	0.008955223880597015
1.0	0.009381663113006396
1.0	0.009808102345415778
1.0	0.01023454157782516
0.9615384615384616	0.010660980810234541
0.9629629629629629	0.011087420042643924
0.9642857142857143	0.011513859275053304
0.9655172413793104	0.011940298507462687
0.9666666666666667	0.012366737739872067
0.967741935483871	0.01279317697228145
0.9393939393939394	0.01321961620469083
0.9411764705882353	0.013646055437100213
0.9428571428571428	0.014072494669509597
0.918918918918919	0.014498933901918977
0.9444444444444444	0.014498933901918977
0.9210526315789473	0.01492537313432836
0.9230769230769231	0.01535181236673774
0.925	0.01577825159914712
0.926829268292683	0.016204690831556505
0.9285714285714286	0.016631130063965886
0.9302325581395349	0.017057569296375266
0.9318181818181818	0.017484008528784647
0.9333333333333333	0.01791044776119403
0.9347826086956522	0.01833688699360341
0.9361702127659575	0.018763326226012792
0.9375	0.019189765458422173
0.9387755102040817	0.019616204690831557
0.94	0.02004264392324094
0.9411764705882353	0.02046908315565032
0.9423076923076923	0.020895522388059702
0.9433962264150944	0.021321961620469083
0.9444444444444444	0.021748400852878467
0.9122807017543859	0.022174840085287847
0.9285714285714286	0.022174840085287847
0.9137931034482759	0.022601279317697228
0.9152542372881356	0.02302771855010661
0.9180327868852459	0.023880597014925373
0.9193548387096774	0.024307036247334754
0.9206349206349206	0.024733475479744135
0.921875	0.02515991471215352
0.9230769230769231	0.0255863539445629
0.9242424242424242	0.02601279317697228
0.9253731343283582	0.02643923240938166
0.9264705882352942	0.026865671641791045
0.927536231884058	0.027292110874200425
0.9285714285714286	0.027718550106609813
0.9295774647887324	0.028144989339019193
0.9305555555555556	0.028571428571428574
0.9315068493150684	0.028997867803837955
0.9333333333333333	0.02985074626865672
0.9342105263157895	0.0302771855010661
0.935064935064935	0.03070362473347548
0.9358974358974359	0.031130063965884865
0.9367088607594937	0.03155650319829424
0.9375	0.031982942430703626
0.9382716049382716	0.03240938166311301
0.9390243902439024	0.03283582089552239
0.9397590361445783	0.03326226012793177
0.9404761904761905	0.03368869936034115
0.9411764705882353	0.03411513859275053
0.9418604651162791	0.034541577825159916
0.9425287356321839	0.034968017057569294
0.9431818181818182	0.03539445628997868
0.9438202247191011	0.03582089552238806
0.9444444444444444	0.03624733475479744
0.945054945054945	0.03667377398720682
0.9354838709677419	0.0371002132196162
0.9361702127659575	0.037526652452025584
0.9368421052631579	0.03795309168443497
0.9375	0.038379530916844345
0.9381443298969072	0.038805970149253737
0.9387755102040817	0.039232409381663114
0.9393939393939394	0.0396588486140725
0.94	0.04008528784648188
0.9405940594059405	0.04051172707889126
0.9411764705882353	0.04093816631130064
0.9326923076923077	0.04136460554371002
0.941747572815534	0.04136460554371002
0.9333333333333333	0.041791044776119404
0.9252336448598131	0.04221748400852879
0.9259259259259259	0.042643923240938165
0.926605504587156	0.04307036247334755
0.9272727272727272	0.043496801705756934
0.9279279279279279	0.04392324093816631
0.9285714285714286	0.044349680170575695
0.9292035398230089	0.04477611940298507
0.9298245614035088	0.045202558635394456
0.9304347826086956	0.04562899786780384
0.9310344827586207	0.04605543710021322
0.9316239316239316	0.04648187633262261
0.9322033898305084	0.046908315565031986
0.9327731092436975	0.04733475479744137
0.9333333333333333	0.04776119402985075
0.9338842975206612	0.04818763326226013
0.926829268292683	0.04861407249466951
0.9274193548387096	0.04904051172707889
0.928	0.04946695095948827
0.9285714285714286	0.04989339019189766
0.9296875	0.05074626865671642
0.9302325581395349	0.0511727078891258
0.9307692307692308	0.05159914712153518
0.9312977099236641	0.05202558635394456
0.9318181818181818	0.052452025586353944
0.9323308270676691	0.05287846481876332
0.9328358208955224	0.05330490405117271
0.9333333333333333	0.05373134328358209
0.9338235294117647	0.05415778251599147
0.927536231884058	0.05458422174840085
0.9148936170212766	0.055010660980810235
0.9214285714285714	0.055010660980810235
0.9154929577464789	0.055437100213219626
0.916083916083916	0.055863539445628996
0.9166666666666666	0.05628997867803839
0.9172413793103448	0.056716417910447764
0.9178082191780822	0.05714285714285715
0.9183673469387755	0.057569296375266525
0.918918918918919	0.05799573560767591
0.9194630872483222	0.058422174840085286
0.9139072847682119	0.05884861407249468
0.9144736842105263	0.05927505330490405
0.9090909090909091	0.05970149253731344
0.9150326797385621	0.05970149253731344
0.9096774193548387	0.060127931769722816
0.9102564102564102	0.0605543710021322
0.9113924050632911	0.06140724946695096
0.9119496855345912	0.06183368869936034
0.906832298136646	0.06226012793176973
0.9074074074074074	0.0626865671641791
0.9079754601226994	0.06311300639658848
0.9085365853658537	0.06353944562899787
0.9090909090909091	0.06396588486140725
0.9096385542168675	0.06439232409381662
0.9101796407185628	0.06481876332622602
0.9107142857142857	0.06524520255863539
0.9112426035502958	0.06567164179104477
0.9117647058823529	0.06609808102345416
0.9122807017543859	0.06652452025586354
0.9132947976878613	0.0673773987206823
0.9137931034482759	0.0678038379530917
0.9142857142857143	0.06823027718550106
0.9147727272727273	0.06865671641791045
0.9152542372881356	0.06908315565031983
0.9157303370786517	0.06950959488272922
0.9162011173184358	0.06993603411513859
0.9116022099447514	0.07036247334754799
0.9166666666666666	0.07036247334754799
0.9120879120879121	0.07078891257995736
0.912568306010929	0.07121535181236674
0.9130434782608695	0.07164179104477612
0.9135135135135135	0.07206823027718551
0.9139784946236559	0.07249466950959488
0.9144385026737968	0.07292110874200426
0.9148936170212766	0.07334754797441365
0.9153439153439153	0.07377398720682303
0.9157894736842105	0.0742004264392324
0.9162303664921466	0.0746268656716418
0.9166666666666666	0.07505330490405117
0.917098445595855	0.07547974413646055
0.9175257731958762	0.07590618336886994
0.9132653061224489	0.07633262260127932
0.9137055837563451	0.07675906183368869
0.9141414141414141	0.07718550106609809
0.914572864321608	0.07761194029850747
0.915	0.07803837953091684
0.9154228855721394	0.07846481876332623
0.9158415841584159	0.07889125799573561
0.916256157635468	0.079317697228145
0.9170731707317074	0.08017057569296376
0.9174757281553398	0.08059701492537313
0.9178743961352657	0.08102345415778252
0.9182692307692307	0.0814498933901919
0.9186602870813397	0.08187633262260129
0.919047619047619	0.08230277185501066
0.919431279620853	0.08272921108742004
0.9198113207547169	0.08315565031982942
0.92018779342723	0.08358208955223881
0.9205607476635514	0.08400852878464819
0.9209302325581395	0.08443496801705758
0.9212962962962963	0.08486140724946695
0.9216589861751152	0.08528784648187633
0.9220183486238532	0.08571428571428572
0.9223744292237442	0.0861407249466951
0.9227272727272727	0.08656716417910447
0.9234234234234234	0.08742004264392324
0.9241071428571429	0.088272921108742
0.9244444444444444	0.08869936034115139
0.9247787610619469	0.08912579957356077
0.9251101321585903	0.08955223880597014
0.9254385964912281	0.08997867803837954
0.925764192139738	0.09040511727078891
0.9260869565217391	0.0908315565031983
0.9264069264069265	0.09125799573560768
0.9267241379310345	0.09168443496801705
0.927038626609442	0.09211087420042643
0.9273504273504274	0.09253731343283583
0.9276595744680851	0.09296375266524522
0.9279661016949152	0.09339019189765457
0.9282700421940928	0.09381663113006397
0.9285714285714286	0.09424307036247336
0.9288702928870293	0.09466950959488274
0.9291666666666667	0.09509594882729211
0.9294605809128631	0.0955223880597015
0.9297520661157025	0.09594882729211088
0.9300411522633745	0.09637526652452026
0.930327868852459	0.09680170575692963
0.9306122448979591	0.09722814498933902
0.9271255060728745	0.0976545842217484
0.9236947791164659	0.09808102345415778
0.9243027888446215	0.09893390191897654
0.9246031746031746	0.09936034115138594
0.924901185770751	0.09978678038379532
0.9215686274509803	0.1002132196162047
0.921875	0.10063965884861407
0.9221789883268483	0.10106609808102346
0.9224806201550387	0.10149253731343284
0.9227799227799228	0.10191897654584223
0.9230769230769231	0.1023454157782516
0.9233716475095786	0.10277185501066098
0.9236641221374046	0.10319829424307037
0.9239543726235742	0.10362473347547975
0.9242424242424242	0.10405117270788912
0.9245283018867925	0.1044776119402985
0.9250936329588015	0.10533049040511729
0.9253731343283582	0.10575692963752664
0.9256505576208178	0.10618336886993603
0.9259259259259259	0.10660980810234542
0.9261992619926199	0.10703624733475481
0.9264705882352942	0.10746268656716418
0.9233576642335767	0.10788912579957356
0.9236363636363636	0.10831556503198295
0.9239130434782609	0.10874200426439233
0.924187725631769	0.1091684434968017
0.9244604316546763	0.10959488272921108
0.9247311827956989	0.11002132196162047
0.925	0.11044776119402985
0.9252669039145908	0.11087420042643925
0.925531914893617	0.11130063965884861
0.9257950530035336	0.11172707889125799
0.926056338028169	0.11215351812366739
0.9263157894736842	0.11257995735607677
0.9265734265734266	0.11300639658848613
0.926829268292683	0.11343283582089553
0.9270833333333334	0.11385927505330491
0.9273356401384083	0.1142857142857143
0.9275862068965517	0.11471215351812367
0.9278350515463918	0.11513859275053305
0.928082191780822	0.11556503198294243
0.9283276450511946	0.11599147121535182
0.9285714285714286	0.11641791044776119
0.9288135593220339	0.11684434968017057
0.9290540540540541	0.11727078891257996
0.9292929292929293	0.11769722814498935
0.9297658862876255	0.1185501066098081
0.93	0.1189765458422175
0.9302325581395349	0.11940298507462688
0.9304635761589404	0.11982942430703623
0.9306930693069307	0.12025586353944563
0.930921052631579	0.12068230277185502
0.9311475409836065	0.1211087420042644
0.9313725490196079	0.12153518123667377
0.9315960912052117	0.12196162046908315
0.9318181818181818	0.12238805970149254
0.9290322580645162	0.12281449893390192
0.9262820512820513	0.1232409381663113
0.9265175718849841	0.12366737739872068
0.9267515923566879	0.12409381663113006
0.926984126984127	0.12452025586353946
0.9272151898734177	0.12494669509594884
0.9274447949526814	0.1253731343283582
0.9276729559748428	0.1257995735607676
0.925	0.12622601279317697
0.9252336448598131	0.12665245202558637
0.9254658385093167	0.12707889125799574
0.9256965944272446	0.1275053304904051
0.9259259259259259	0.1279317697228145
0.9261538461538461	0.1283582089552239
0.9263803680981595	0.12878464818763324
0.926605504587156	0.12921108742004264
0.926829268292683	0.12963752665245204
0.9270516717325228	0.1300639658848614
0.9274924471299094	0.13091684434968018
0.9279279279279279	0.13176972281449895
0.9281437125748503	0.13219616204690832
0.9283582089552239	0.1326226012793177
0.9285714285714286	0.13304904051172708
0.9287833827893175	0.13347547974413645
0.9262536873156342	0.13390191897654585
0.9289940828402367	0.13390191897654585
0.9264705882352942	0.13432835820895522
0.9266862170087976	0.1347547974413646
0.924198250728863	0.135181236673774
0.9244186046511628	0.1356076759061834
0.9246376811594202	0.13603411513859276
0.9248554913294798	0.13646055437100213
0.9250720461095101	0.13688699360341153
0.9252873563218391	0.1373134328358209
0.9255014326647565	0.13773987206823027
0.9257142857142857	0.13816631130063967
0.9259259259259259	0.13859275053304904
0.9261363636363636	0.13901918976545843
0.9263456090651558	0.1394456289978678
0.9265536723163842	0.13987206823027717
0.9267605633802817	0.14029850746268657
0.927170868347339	0.1411513859275053
0.9273743016759777	0.1415778251599147
0.9275766016713092	0.1420042643923241
0.9277777777777778	0.14243070362473348
0.9256198347107438	0.14328358208955225
0.9232876712328767	0.14371002132196162
0.9258241758241759	0.14371002132196162
0.9209809264305178	0.14413646055437102
0.9234972677595629	0.14413646055437102
0.9211956521739131	0.14456289978678039
0.9214092140921409	0.14498933901918976
0.9216216216216216	0.14541577825159915
0.921832884097035	0.14584221748400852
0.9220430107526881	0.14626865671641792
0.9222520107238605	0.1466950959488273
0.9224598930481284	0.14712153518123666
0.9226666666666666	0.14754797441364606
0.9228723404255319	0.14797441364605546
0.9230769230769231	0.1484008528784648
0.9232804232804233	0.1488272921108742
0.9234828496042217	0.1492537313432836
0.9236842105263158	0.14968017057569297
0.9238845144356955	0.15010660980810234
0.9240837696335078	0.15053304904051173
0.9242819843342036	0.1509594882729211
0.9244791666666666	0.1513859275053305
0.9246753246753247	0.15181236673773987
0.9248704663212435	0.15223880597014924
0.9226804123711341	0.15266524520255864
0.9205128205128205	0.15309168443496804
0.922879177377892	0.15309168443496804
0.9207161125319693	0.15351812366737738
0.9209183673469388	0.15394456289978678
0.9211195928753181	0.15437100213219618
0.9213197969543148	0.15479744136460555
0.9215189873417722	0.15522388059701495
0.9217171717171717	0.15565031982942432
0.9219143576826196	0.1560767590618337
0.9221105527638191	0.15650319829424308
0.9223057644110275	0.15692963752665245
0.9225	0.15735607675906182
0.9158415841584159	0.15778251599147122
0.9226932668329177	0.15778251599147122
0.9160493827160494	0.1582089552238806
0.916256157635468	0.15863539445629
0.9164619164619164	0.15906183368869936
0.9166666666666666	0.15948827292110873
0.9168704156479217	0.15991471215351813
0.9170731707317074	0.16034115138592753
0.9174757281553398	0.16119402985074627
0.9176755447941889	0.16162046908315567
0.9178743961352657	0.16204690831556504
0.9180722891566265	0.1624733475479744
0.9182692307692307	0.1628997867803838
0.9184652278177458	0.16332622601279317
0.9186602870813397	0.16375266524520257
0.918854415274463	0.16417910447761194
0.919047619047619	0.1646055437100213
0.9192399049881235	0.1650319829424307
0.919431279620853	0.16545842217484008
0.9196217494089834	0.16588486140724945
0.9176470588235294	0.16631130063965885
0.9178403755868545	0.16673773987206822
0.9180327868852459	0.16716417910447762
0.9182242990654206	0.16759061833688702
0.9184149184149184	0.16801705756929639
0.9186046511627907	0.16844349680170576
0.9187935034802784	0.16886993603411515
0.9189814814814815	0.16929637526652452
0.9191685912240185	0.1697228144989339
0.9193548387096774	0.1701492537313433
0.9195402298850575	0.17057569296375266
0.9197247706422018	0.17100213219616206
0.919908466819222	0.17142857142857143
0.9200913242009132	0.1718550106609808
0.9202733485193622	0.1722814498933902
0.9204545454545454	0.1727078891257996
0.9206349206349206	0.17313432835820894
0.920814479638009	0.17356076759061834
0.918918918918919	0.17398720682302773
0.9191011235955057	0.1744136460554371
0.9192825112107623	0.17484008528784648
0.9194630872483222	0.17526652452025587
0.9175946547884187	0.17569296375266524
0.9177777777777778	0.17611940298507464
0.917960088691796	0.176545842217484
0.918141592920354	0.17697228144989338
0.9162995594713657	0.17739872068230278
0.9164835164835164	0.17782515991471215
0.9166666666666666	0.17825159914712155
0.9168490153172867	0.17867803837953092
0.9150326797385621	0.1791044776119403
0.9170305676855895	0.1791044776119403
0.9152173913043479	0.17953091684434969
0.9154013015184381	0.17995735607675908
0.9155844155844156	0.18038379530916843
0.9157667386609071	0.18081023454157782
0.915948275862069	0.18123667377398722
0.9161290322580645	0.1816631130063966
0.9163090128755365	0.18208955223880596
0.9145299145299145	0.18251599147121536
0.9147121535181236	0.18294243070362473
0.9148936170212766	0.1833688699360341
0.913135593220339	0.1837953091684435
0.9113924050632911	0.18422174840085287
0.9133192389006343	0.18422174840085287
0.911578947368421	0.18464818763326227
0.9117647058823529	0.18507462686567167
0.9119496855345912	0.18550106609808104
0.9121338912133892	0.18592750533049043
0.9123173277661796	0.18635394456289978
0.9125	0.18678038379530915
0.9126819126819127	0.18720682302771854
0.9128630705394191	0.18763326226012794
0.9132231404958677	0.1884861407249467
0.9134020618556701	0.18891257995735608
0.9117043121149897	0.18933901918976548
0.9135802469135802	0.18933901918976548
0.9118852459016393	0.18976545842217488
0.9120654396728016	0.19019189765458422
0.9122448979591836	0.1906183368869936
0.9105691056910569	0.191044776119403
0.9107505070993914	0.19147121535181236
0.9109311740890689	0.19189765458422176
0.9111111111111111	0.19232409381663115
0.9094567404426559	0.19275053304904052
0.9112903225806451	0.19275053304904052
0.9096385542168675	0.19317697228144992
0.9098196392785571	0.19360341151385926
0.91	0.19402985074626863
0.9101796407185628	0.19445628997867803
0.9103585657370518	0.19488272921108743
0.9105367793240556	0.1953091684434968
0.9107142857142857	0.1957356076759062
0.9108910891089109	0.19616204690831557
0.9110671936758893	0.19658848614072497
0.9112426035502958	0.1970149253731343
0.9114173228346457	0.1974413646055437
0.9115913555992141	0.19786780383795308
0.9117647058823529	0.19829424307036247
0.9119373776908023	0.19872068230277187
0.912109375	0.19914712153518124
0.9122807017543859	0.19957356076759064
0.9124513618677043	0.2
0.9090909090909091	0.2004264392324094
0.9108527131782945	0.2004264392324094
0.912621359223301	0.2004264392324094
0.9075144508670521	0.20085287846481875
0.9092664092664092	0.20085287846481875
0.9076923076923077	0.20127931769722815
0.9078694817658349	0.20170575692963752
0.9080459770114943	0.20213219616204692
0.9082217973231358	0.2025586353944563
0.9083969465648855	0.20298507462686569
0.9068441064638784	0.20341151385927508
0.9085714285714286	0.20341151385927508
0.9073724007561437	0.2046908315565032
0.9075471698113208	0.20511727078891256
0.9077212806026366	0.20554371002132196
0.9061913696060038	0.20597014925373136
0.9078947368421053	0.20597014925373136
0.9068901303538175	0.20767590618336884
0.9070631970260223	0.20810234541577824
0.9074074074074074	0.208955223880597
0.9059040590405905	0.2093816631130064
0.9044117647058824	0.20980810234541578
0.9045871559633027	0.21023454157782517
0.9014598540145985	0.21066098081023457
0.903107861060329	0.21066098081023457
0.9016393442622951	0.21108742004264394
0.9018181818181819	0.21151385927505328
0.9019963702359347	0.21194029850746268
0.9021739130434783	0.21236673773987205
0.9023508137432188	0.21279317697228145
0.9009009009009009	0.21321961620469085
0.9025270758122743	0.21321961620469085
0.9010791366906474	0.21364605543710022
0.899641577060932	0.21407249466950962
0.9012567324955116	0.21407249466950962
0.8982142857142857	0.214498933901919
0.8998211091234347	0.214498933901919
0.8983957219251337	0.21492537313432836
0.8985765124555161	0.21535181236673773
0.8987566607460036	0.21577825159914713
0.8991150442477877	0.2166311300639659
0.8992932862190812	0.2170575692963753
0.8994708994708994	0.21748400852878466
0.8996478873239436	0.21791044776119406
0.8998242530755711	0.2183368869936034
0.9	0.21876332622601277
0.8986013986013986	0.21918976545842217
0.8987783595113438	0.21961620469083157
0.8989547038327527	0.22004264392324094
0.8991304347826087	0.22046908315565034
0.8977469670710572	0.2208955223880597
0.8993055555555556	0.2208955223880597
0.8979238754325259	0.2213219616204691
0.8981001727115717	0.2217484008528785
0.8982758620689655	0.22217484008528784
0.8984509466437177	0.22260127931769721
0.8987993138936535	0.22345415778251598
0.898972602739726	0.22388059701492538
0.8991452991452992	0.22430703624733478
0.8993174061433447	0.22473347547974415
0.899488926746167	0.22515991471215355
0.8996598639455783	0.2255863539445629
0.8998302207130731	0.22601279317697226
0.9	0.22643923240938166
0.9001692047377327	0.22686567164179106
0.9003378378378378	0.22729211087420043
0.9005059021922428	0.22771855010660982
0.9006734006734006	0.2281449893390192
0.9010067114093959	0.22899786780383793
0.9011725293132329	0.22942430703624733
0.9013377926421404	0.2298507462686567
0.9016666666666666	0.2307036247334755
0.9018302828618968	0.23113006396588487
0.9019933554817275	0.23155650319829427
0.9021558872305141	0.23198294243070364
0.902317880794702	0.23240938166311298
0.900990099009901	0.23283582089552238
0.9013157894736842	0.23368869936034115
0.9014778325123153	0.23411513859275054
0.900163666121113	0.2345415778251599
0.9016393442622951	0.2345415778251599
0.9004893964110929	0.2353944562899787
0.9006514657980456	0.23582089552238808
0.9008130081300812	0.23624733475479742
0.900974025974026	0.23667377398720682
0.9011345218800648	0.2371002132196162
0.901294498381877	0.2375266524520256
0.9	0.237953091684435
0.901453957996769	0.237953091684435
0.9001610305958132	0.23837953091684436
0.9003215434083601	0.23880597014925375
0.9004815409309791	0.23923240938166312
0.8963317384370016	0.23965884861407247
0.8992	0.23965884861407247
0.8968253968253969	0.24093816631130063
0.8969889064976229	0.24136460554371003
0.8973143759873617	0.2422174840085288
0.8974763406940063	0.2426439232409382
0.8976377952755905	0.24307036247334754
0.8977987421383647	0.2434968017057569
0.8979591836734694	0.2439232409381663
0.8981191222570533	0.24434968017057568
0.8982785602503912	0.24477611940298508
0.8984375	0.24520255863539447
0.8985959438377535	0.24562899786780384
0.8987538940809969	0.24605543710021324
0.8995363214837713	0.24818763326226012
0.8996913580246914	0.24861407249466952
0.8984615384615384	0.24904051172707892
0.8998459167950693	0.24904051172707892
0.8986175115207373	0.2494669509594883
0.8987730061349694	0.24989339019189769
0.8989280245022971	0.250319829424307
0.8990825688073395	0.2507462686567164
0.8978658536585366	0.25117270788912577
0.899236641221374	0.25117270788912577
0.8966565349544073	0.2515991471215352
0.8968133535660091	0.25202558635394456
0.897125567322239	0.25287846481876336
0.8972809667673716	0.25330490405117273
0.8974358974358975	0.2537313432835821
0.8975903614457831	0.25415778251599147
0.8977443609022556	0.25458422174840084
0.8978978978978979	0.2550106609808102
0.8980509745127436	0.25543710021321964
0.8968609865470852	0.255863539445629
0.8971684053651267	0.2567164179104478
0.8973214285714286	0.2571428571428572
0.8974739970282318	0.2575692963752665
0.8976261127596439	0.2579957356076759
0.8977777777777778	0.2584221748400853
0.8979289940828402	0.25884861407249465
0.8980797636632201	0.2592750533049041
0.8982300884955752	0.25970149253731345
0.898379970544919	0.2601279317697228
0.8985294117647059	0.26055437100213225
0.8986784140969163	0.26098081023454156
0.8988269794721407	0.26140724946695093
0.8989751098096632	0.26183368869936036
0.8991228070175439	0.2622601279317697
0.8992700729927007	0.2626865671641791
0.8994169096209913	0.2631130063965885
0.8995633187772926	0.2635394456289979
0.8997093023255814	0.26396588486140726
0.8998548621190131	0.26439232409381663
0.8986975397973951	0.264818763326226
0.8975468975468975	0.2652452025586354
0.8988439306358381	0.2652452025586354
0.8976945244956772	0.2656716417910448
0.897841726618705	0.26609808102345417
0.8979885057471264	0.26652452025586354
0.8981348637015782	0.2669509594882729
0.8982808022922636	0.26737739872068234
0.8984263233190272	0.2678038379530917
0.8985714285714286	0.2682302771855011
0.8987161198288159	0.26865671641791045
0.8988603988603988	0.2690831556503198
0.8977272727272727	0.2695095948827292
0.8978723404255319	0.2699360341151386
0.8980169971671388	0.270362473347548
0.8981612446958982	0.27078891257995735
0.8983050847457628	0.2712153518123668
0.8959212376933896	0.2716417910447761
0.8971830985915493	0.2716417910447761
0.8984485190409027	0.2716417910447761
0.8960674157303371	0.2720682302771855
0.8962131837307152	0.2724946695095949
0.896358543417367	0.27292110874200426
0.8965034965034965	0.27334754797441363
0.8966480446927374	0.27377398720682306
0.8967921896792189	0.2742004264392324
0.8969359331476323	0.2746268656716418
0.8970792767732962	0.27505330490405117
0.8972222222222223	0.27547974413646054
0.897364771151179	0.2759061833688699
0.8975069252077562	0.27633262260127933
0.8976486860304288	0.2767590618336887
0.8977900552486188	0.2771855010660981
0.8979310344827586	0.2776119402985075
0.8980716253443526	0.27803837953091687
0.8982118294360385	0.27846481876332624
0.8984910836762688	0.279317697228145
0.8986301369863013	0.27974413646055435
0.8987688098495212	0.2801705756929638
0.897680763983629	0.28059701492537314
0.8989071038251366	0.28059701492537314
0.8978201634877384	0.2810234541577825
0.8979591836734694	0.28144989339019194
0.8980978260869565	0.2818763326226013
0.898236092265943	0.2823027718550106
0.8983739837398373	0.28272921108742005
0.8985115020297699	0.2831556503198294
0.8962264150943396	0.2835820895522388
0.8974358974358975	0.2835820895522388
0.8986486486486487	0.2835820895522388
0.8963660834454913	0.2840085287846482
0.896505376344086	0.2844349680170576
0.8966442953020134	0.28486140724946696
0.8969210174029452	0.2857142857142857
0.8970588235294118	0.28614072494669507
0.897196261682243	0.2865671641791045
0.8973333333333333	0.28699360341151386
0.8974700399467377	0.28742004264392323
0.896414342629482	0.28784648187633266
0.8976063829787234	0.28784648187633266
0.896551724137931	0.28827292110874203
0.8966887417218543	0.2886993603411514
0.8968253968253969	0.28912579957356077
0.8969616908850726	0.28955223880597014
0.8970976253298153	0.2899786780383795
0.8972332015810277	0.29040511727078894
0.8973684210526316	0.2908315565031983
0.8963254593175853	0.2912579957356077
0.8964613368283093	0.29168443496801705
0.8965968586387435	0.2921108742004265
0.8967320261437909	0.29253731343283584
0.8968668407310705	0.2929637526652452
0.8970013037809648	0.2933901918976546
0.8971354166666666	0.29381663113006395
0.8972691807542262	0.2942430703624733
0.8975356679636836	0.2950959488272921
0.8976683937823834	0.2955223880597015
0.8979328165374677	0.29637526652452023
0.8980645161290323	0.2968017057569296
0.8970398970398971	0.297228144989339
0.8981958762886598	0.297228144989339
0.897172236503856	0.2976545842217484
0.8973042362002568	0.29808102345415777
0.8975672215108835	0.29893390191897656
0.8976982097186701	0.29936034115138593
0.8978288633461047	0.29978678038379536
0.8979591836734694	0.3002132196162047
0.8980891719745223	0.30063965884861404
0.8982188295165394	0.30106609808102347
0.8988621997471555	0.3031982942430704
0.8978562421185372	0.30362473347547975
0.8981132075471698	0.3044776119402985
0.8982412060301508	0.3049040511727079
0.8972431077694235	0.3053304904051173
0.8983688833124216	0.3053304904051173
0.89625	0.30575692963752665
0.8963795255930087	0.3061833688699361
0.8953922789539228	0.30660980810234545
0.8955223880597015	0.30703624733475476
0.8956521739130435	0.3074626865671642
0.8957816377171216	0.30788912579957356
0.895910780669145	0.30831556503198293
0.896168108776267	0.3091684434968017
0.8962962962962963	0.3095948827292111
0.8964241676942046	0.31002132196162047
0.8966789667896679	0.3108742004264392
0.8969325153374234	0.311727078891258
0.8970588235294118	0.3121535181236674
0.8971848225214198	0.31257995735607674
0.8962148962148963	0.31300639658848617
0.8963414634146342	0.31343283582089554
0.8964677222898904	0.3138592750533049
0.8965936739659367	0.3142857142857143
0.8967193195625759	0.31471215351812365
0.8968446601941747	0.315138592750533
0.8970944309927361	0.3159914712153518
0.8972188633615478	0.3164179104477612
0.8973429951690821	0.3168443496801706
0.8974668275030157	0.31727078891258
0.8977135980746089	0.3181236673773987
0.8978365384615384	0.3185501066098081
0.8968824940047961	0.31897654584221746
0.8970059880239521	0.3194029850746269
0.8971291866028708	0.31982942430703626
0.89618138424821	0.32025586353944563
0.8972520908004779	0.32025586353944563
0.8963051251489869	0.32068230277185505
0.8964285714285715	0.32110874200426437
0.896551724137931	0.32153518123667374
0.896797153024911	0.32238805970149254
0.8969194312796208	0.3228144989339019
0.8959810874704491	0.32324093816631133
0.8961038961038961	0.3236673773987207
0.8962264150943396	0.32409381663113007
0.8963486454652533	0.3245202558635395
0.8964705882352941	0.3249466950959488
0.8965922444183314	0.3253731343283582
0.8967136150234741	0.3257995735607676
0.8968347010550997	0.326226012793177
0.8969555035128806	0.32665245202558635
0.8970760233918129	0.3270788912579958
0.897196261682243	0.32750533049040514
0.897316219369895	0.3279317697228145
0.8974358974358975	0.3283582089552239
0.8975552968568102	0.32878464818763325
0.8955916473317865	0.3292110874200426
0.8966318234610917	0.3292110874200426
0.895712630359212	0.32963752665245205
0.8958333333333334	0.3300639658848614
0.8959537572254336	0.3304904051172708
0.8960739030023095	0.33091684434968016
0.8951612903225806	0.3313432835820896
0.8961937716262975	0.3313432835820896
0.8952819332566168	0.3317697228144989
0.894374282433984	0.3321961620469083
0.8944954128440367	0.3326226012793177
0.8946162657502864	0.33304904051172707
0.8947368421052632	0.33347547974413644
0.8948571428571429	0.33390191897654586
0.8949771689497716	0.33432835820895523
0.895096921322691	0.3347547974413646
0.8952164009111617	0.33518123667377403
0.8953356086461889	0.33560767590618334
0.8954545454545455	0.33603411513859277
0.8955732122587968	0.33646055437100214
0.8956916099773242	0.3368869936034115
0.8958097395243488	0.3373134328358209
0.896045197740113	0.3381663113006397
0.8961625282167043	0.33859275053304905
0.8962795941375423	0.3390191897654584
0.8956228956228957	0.3402985074626866
0.8966292134831461	0.3402985074626866
0.8957399103139013	0.34072494669509595
0.8958566629339306	0.3411513859275053
0.8960893854748604	0.3420042643923241
0.8962053571428571	0.34243070362473343
0.8963210702341137	0.34285714285714286
0.8964365256124721	0.34328358208955223
0.896551724137931	0.3437100213219616
0.8956714761376249	0.344136460554371
0.8966666666666666	0.344136460554371
0.8938053097345132	0.3445628997867804
0.8947951273532669	0.3445628997867804
0.8957871396895787	0.3445628997867804
0.8939226519337017	0.34498933901918977
0.8940397350993378	0.3454157782515992
0.8941565600882029	0.34584221748400856
0.8942731277533039	0.3462686567164179
0.8943894389438944	0.3466950959488273
0.893523600439078	0.3471215351812367
0.8945054945054945	0.3471215351812367
0.8939890710382513	0.3488272921108742
0.8941048034934498	0.3492537313432836
0.8942202835332607	0.34968017057569295
0.8943355119825708	0.3501066098081023
0.8944504896626768	0.35053304904051175
0.8945652173913043	0.3509594882729211
0.8946796959826275	0.3513859275053305
0.8947939262472885	0.3518123667377399
0.894907908992416	0.3522388059701493
0.895021645021645	0.35266524520255865
0.8951351351351351	0.353091684434968
0.8952483801295896	0.3535181236673774
0.895361380798274	0.35394456289978676
0.8954741379310345	0.3543710021321962
0.8955866523143164	0.35479744136460556
0.8956989247311828	0.35522388059701493
0.8958109559613319	0.3556503198294243
0.8959227467811158	0.3560767590618337
0.8960342979635584	0.3565031982942431
0.8961456102783726	0.35692963752665247
0.8952991452991453	0.35735607675906184
0.8962566844919786	0.35735607675906184
0.8954108858057631	0.3577825159914712
0.8955223880597015	0.3582089552238806
0.8956336528221512	0.35863539445629
0.8957446808510638	0.35906183368869937
0.895855472901169	0.35948827292110874
0.8959660297239915	0.35991471215351817
0.8960763520678685	0.3603411513859275
0.8961864406779662	0.36076759061833685
0.8962962962962963	0.3611940298507463
0.8964059196617337	0.36162046908315565
0.8965153115100317	0.362046908315565
0.8966244725738397	0.36247334754797444
0.8967334035827187	0.3628997867803838
0.8968421052631579	0.3633262260127932
0.8969505783385909	0.36375266524520256
0.8971668415529905	0.3646055437100213
0.8972746331236897	0.3650319829424307
0.8973821989528796	0.3654584221748401
0.897489539748954	0.36588486140724946
0.8966597077244259	0.3663113006396589
0.8967674661105318	0.3667377398720682
0.896875	0.36716417910447763
0.896049896049896	0.367590618336887
0.8969823100936525	0.367590618336887
0.8961578400830738	0.3680170575692964
0.8962655601659751	0.36844349680170574
0.8963730569948186	0.36886993603411516
0.8964803312629399	0.36929637526652453
0.8965873836608066	0.36972281449893385
0.8966942148760331	0.37014925373134333
0.8968008255933952	0.37057569296375265
0.8969072164948454	0.37100213219616207
0.8970133882595263	0.37142857142857144
0.897119341563786	0.37185501066098087
0.8973305954825462	0.37270788912579955
0.8974358974358975	0.373134328358209
0.8975409836065574	0.3735607675906183
0.8976458546571137	0.3739872068230277
0.8977505112474438	0.3744136460554371
0.8978549540347294	0.3748400852878465
0.8979591836734694	0.3752665245202559
0.8980632008154944	0.3756929637526653
0.8981670061099797	0.3761194029850746
0.8982706002034588	0.376545842217484
0.8983739837398373	0.3769722814498934
0.8984771573604061	0.37739872068230274
0.8985801217038539	0.37782515991471216
0.8986828774062816	0.37825159914712153
0.897876643073812	0.37867803837953096
0.8970736629667003	0.37910447761194027
0.897979797979798	0.37910447761194027
0.8971774193548387	0.37953091684434975
0.8972809667673716	0.37995735607675907
0.89738430583501	0.38038379530916844
0.8974874371859296	0.38081023454157786
0.8975903614457831	0.3812366737739872
0.8976930792377131	0.3816631130063966
0.8968968968968969	0.382089552238806
0.8977955911823647	0.382089552238806
0.897	0.3825159914712154
0.8971028971028971	0.3829424307036247
0.8972055888223552	0.3833688699360341
0.8973080757726819	0.3837953091684435
0.897410358565737	0.3842217484008529
0.8975124378109453	0.3846481876332623
0.8976143141153081	0.3850746268656716
0.8977159880834161	0.38550106609808105
0.8978174603174603	0.3859275053304904
0.8979187314172448	0.38635394456289984
0.897131552917903	0.38678038379530916
0.898019801980198	0.38678038379530916
0.8972332015810277	0.3872068230277185
0.8973346495557749	0.38763326226012795
0.896551724137931	0.38805970149253727
0.8966535433070866	0.38848614072494675
0.8967551622418879	0.38891257995735606
0.8968565815324165	0.3893390191897655
0.8969578017664377	0.38976545842217486
0.8970588235294118	0.3901918976545843
0.8971596474045054	0.3906183368869936
0.8972602739726028	0.39104477611940297
0.8973607038123167	0.3914712153518124
0.8974609375	0.3918976545842217
0.8975609756097561	0.39232409381663114
0.8976608187134503	0.3927505330490405
0.8978599221789884	0.3936034115138593
0.8979591836734694	0.3940298507462686
0.8980582524271845	0.39445628997867804
0.8981571290009699	0.3948827292110874
0.8982558139534884	0.39530916844349684
0.8983543078412392	0.39573560767590615
0.8984526112185687	0.3961620469083156
0.8986486486486487	0.3970149253731344
0.8987463837994214	0.39744136460554375
0.8988439306358381	0.39786780383795306
0.8989412897016362	0.3982942430703625
0.8990384615384616	0.39872068230277186
0.899135446685879	0.3991471215351813
0.8992322456813819	0.3995735607675906
0.8993288590604027	0.4
0.8994252873563219	0.4004264392324094
0.8995215311004785	0.4008528784648188
0.8997134670487106	0.4017057569296375
0.8998091603053435	0.40213219616204693
0.9000951474785919	0.40341151385927504
0.9001901140684411	0.40383795309168447
0.9002849002849003	0.40426439232409384
0.9004739336492891	0.4051172707889126
0.9005681818181818	0.40554371002132195
0.9006622516556292	0.40597014925373137
0.9007561436672968	0.4063965884861407
0.9	0.40682302771855017
0.9008498583569405	0.40682302771855017
0.9000942507068803	0.4072494669509595
0.9001883239171374	0.4076759061833689
0.9002822201317028	0.4081023454157783
0.8995305164319248	0.4085287846481876
0.900375939849624	0.4085287846481876
0.899624765478424	0.408955223880597
0.899812734082397	0.4098081023454158
0.8999064546304958	0.41023454157782513
0.9	0.41066098081023455
0.900093370681606	0.4110874200426439
0.9001865671641791	0.41151385927505335
0.9002795899347623	0.4119402985074627
0.9003724394785847	0.41236673773987204
0.9004651162790698	0.41279317697228146
0.9005576208178439	0.41321961620469083
0.9006499535747446	0.41364605543710026
0.9007421150278293	0.41407249466950957
0.9008341056533827	0.414498933901919
0.9009259259259259	0.41492537313432837
0.9010175763182239	0.4153518123667377
0.9011090573012939	0.41577825159914716
0.9012003693444137	0.4162046908315565
0.9012915129151291	0.4166311300639659
0.9013824884792627	0.4170575692963753
0.9014732965009208	0.4174840085287847
0.9015639374425023	0.417910447761194
0.9016544117647058	0.41833688699360344
0.9017447199265382	0.4187633262260128
0.9019248395967002	0.41961620469083155
0.902014652014652	0.4200426439232409
0.9021043000914913	0.42046908315565035
0.9021937842778793	0.4208955223880597
0.902283105022831	0.42132196162046914
0.9023722627737226	0.42174840085287846
0.9016393442622951	0.4221748400852879
0.9017288444040037	0.42260127931769725
0.9009990917347865	0.42302771855010657
0.9018181818181819	0.42302771855010657
0.9010889292196007	0.423454157782516
0.9012681159420289	0.4243070362473348
0.9013574660633484	0.4247334754797441
0.9014466546112115	0.4251599147121536
0.9015356820234869	0.4255863539445629
0.9016245487364621	0.42601279317697227
0.9017132551848512	0.4264392324093817
0.9018018018018018	0.426865671641791
0.9018901890189019	0.42729211087420044
0.9011680143755616	0.4277185501066098
0.9019784172661871	0.4277185501066098
0.9012567324955116	0.42814498933901923
0.9013452914798207	0.42857142857142855
0.9014336917562724	0.428997867803838
0.9015219337511191	0.42942430703624734
0.9016100178890877	0.4298507462686567
0.9016979445933869	0.43027718550106614
0.9017857142857143	0.43070362473347545
0.9018733273862622	0.4311300639658849
0.9019607843137255	0.43155650319829425
0.9020480854853072	0.4319829424307037
0.902135231316726	0.432409381663113
0.9022222222222223	0.4328358208955224
0.9023090586145648	0.4332622601279318
0.9023957409050577	0.4336886993603411
0.9025686448184234	0.4345415778251599
0.9026548672566371	0.4349680170575693
0.9027409372236959	0.4353944562899787
0.9028268551236749	0.4358208955223881
0.9029126213592233	0.43624733475479743
0.9029982363315696	0.4366737739872068
0.9035933391761612	0.43965884861407256
0.9036777583187391	0.4400852878464819
0.9037620297462817	0.44051172707889125
0.9038461538461539	0.44093816631130067
0.9039301310043668	0.44136460554371
0.9040139616055847	0.4417910447761194
0.9040976460331299	0.4422174840085288
0.9041811846689896	0.4426439232409382
0.9042645778938208	0.4430703624733475
0.9043478260869565	0.443496801705757
0.9036458333333334	0.4439232409381663
0.9037294015611448	0.4443496801705757
0.9030303030303031	0.4447761194029851
0.9038128249566725	0.4447761194029851
0.903114186851211	0.44520255863539443
0.9031979256698358	0.44562899786780386
0.9032815198618307	0.4460554371002132
0.903364969801553	0.44648187633262265
0.903448275862069	0.44690831556503197
0.9035314384151594	0.44733475479744134
0.9036144578313253	0.44776119402985076
0.9029209621993127	0.44818763326226013
0.9036973344797936	0.44818763326226013
0.9030042918454936	0.44861407249466956
0.9030874785591767	0.4490405117270789
0.9031705227077977	0.4494669509594883
0.9032534246575342	0.44989339019189767
0.9033361847733106	0.4503198294243071
0.9034188034188034	0.4507462686567164
0.9035012809564474	0.4511727078891258
0.9035836177474402	0.4515991471215352
0.9038297872340425	0.4528784648187633
0.9039115646258503	0.45330490405117274
0.9039932030586236	0.4537313432835821
0.9040747028862479	0.45415778251599154
0.904156064461408	0.45458422174840085
0.9042372881355932	0.4550106609808102
0.9043183742591024	0.45543710021321965
0.9043993231810491	0.45586353944562896
0.9037162162162162	0.4562899786780384
0.9037974683544304	0.45671641791044776
0.9038785834738617	0.4571428571428572
0.9039595619208087	0.45756929637526655
0.9040404040404041	0.45799573560767587
0.904121110176619	0.4584221748400853
0.9042016806722689	0.45884861407249466
0.9042821158690176	0.4592750533049041
0.9043624161073825	0.4597014925373134
0.9044425817267393	0.46012793176972283
0.9045226130653267	0.4605543710021322
0.9046025104602511	0.4609808102345416
0.9046822742474916	0.461407249466951
0.9047619047619048	0.4618336886993603
0.9048414023372288	0.46226012793176974
0.905	0.46311300639658853
0.9050791007493755	0.46353944562899785
0.9051580698835274	0.4639658848614073
0.9052369077306733	0.46439232409381664
0.9053156146179402	0.46481876332622596
0.9053941908713693	0.4652452025586354
0.9057071960297767	0.466950959488273
0.9057851239669421	0.4673773987206823
0.9058629232039637	0.4678038379530917
0.905940594059406	0.4682302771855011
0.9060181368507831	0.4686567164179104
0.9060955518945635	0.4690831556503198
0.9054276315789473	0.4695095948827292
0.905505341002465	0.4699360341151386
0.9055829228243021	0.47036247334754794
0.9056603773584906	0.4707889125799574
0.9057377049180327	0.47121535181236673
0.9058149058149059	0.47164179104477616
0.9058919803600655	0.47206823027718553
0.9052287581699346	0.47249466950959484
0.9059689288634505	0.47249466950959484
0.9053061224489796	0.47292110874200427
0.9053833605220228	0.47334754797441364
0.9054604726976365	0.47377398720682307
0.9040650406504065	0.4742004264392324
0.9048006509357202	0.4742004264392324
0.9055374592833876	0.4742004264392324
0.9041429731925265	0.4746268656716418
0.9042207792207793	0.4750533049040512
0.9042984590429846	0.47547974413646055
0.9043760129659644	0.47590618336887
0.9044534412955466	0.4763326226012793
0.9045307443365695	0.4767590618336887
0.904607922392886	0.4771855010660981
0.9046849757673667	0.4776119402985075
0.9047619047619048	0.4780383795309168
0.9041095890410958	0.47846481876332625
0.9048387096774193	0.47846481876332625
0.9041867954911433	0.4788912579957356
0.9042638777152051	0.47931769722814493
0.9036144578313253	0.4797441364605544
0.9043408360128617	0.4797441364605544
0.9036918138041734	0.48017057569296373
0.9037690457097033	0.48059701492537316
0.9038461538461539	0.4810234541577825
0.9032	0.48144989339019195
0.9034317637669593	0.48272921108742006
0.9035087719298246	0.4831556503198294
0.9035856573705179	0.4835820895522388
0.9036624203821656	0.4840085287846482
0.903739061256961	0.4844349680170576
0.9038155802861685	0.48486140724946697
0.9040444091990484	0.4861407249466951
0.904120443740095	0.4865671641791045
0.9041963578780681	0.4869936034115138
0.9042721518987342	0.48742004264392325
0.9044233807266983	0.48827292110874204
0.904498816101026	0.48869936034115136
0.9045741324921136	0.48912579957356084
0.904649330181245	0.48955223880597015
0.9047244094488189	0.4899786780383795
0.9047993705743509	0.49040511727078895
0.904874213836478	0.49083155650319826
0.9049489395129615	0.4912579957356077
0.9050235478806907	0.49168443496801706
0.9050980392156863	0.4921108742004265
0.9051724137931034	0.4925373134328358
0.9052466718872357	0.4929637526652452
0.905320813771518	0.4933901918976546
0.9053948397185301	0.49381663113006397
0.9055425448868072	0.4946695095948827
0.905616224648986	0.49509594882729213
0.9056897895557288	0.4955223880597015
0.9057632398753894	0.4959488272921109
0.9059097978227061	0.4968017057569296
0.905982905982906	0.49722814498933904
0.9053529868114818	0.49765458422174835
0.906055900621118	0.49765458422174835
0.9047250193648335	0.49808102345415783
0.9054263565891473	0.49808102345415783
0.9047987616099071	0.49850746268656715
0.9048723897911833	0.4989339019189766
0.9049459041731066	0.49936034115138594
0.905165767154973	0.500639658848614
0.9045419553502695	0.5010660980810234
0.9052388289676425	0.5010660980810234
0.9046153846153846	0.5014925373134328
0.9046887009992314	0.5019189765458423
0.9047619047619048	0.5023454157782515
0.9048349961627015	0.502771855010661
0.9049079754601227	0.5031982942430704
0.9049808429118774	0.5036247334754798
0.9052711993888465	0.5053304904051172
0.9053435114503817	0.5057569296375267
0.9054157131960335	0.506183368869936
0.9056316590563166	0.5074626865671642
0.905703422053232	0.5078891257995736
0.9024205748865356	0.5087420042643923
0.9031037093111279	0.5087420042643923
0.9024943310657596	0.5091684434968017
0.9025679758308157	0.5095948827292112
0.9026415094339623	0.5100213219616204
0.9027149321266968	0.5104477611940299
0.9027882441597589	0.5108742004264393
0.9029345372460497	0.511727078891258
0.9030075187969925	0.5121535181236674
0.9030803906836965	0.5125799573560768
0.9031531531531531	0.5130063965884861
0.9032258064516129	0.5134328358208956
0.9032983508245878	0.5138592750533049
0.9035153328347045	0.515138592750533
0.9035874439461884	0.5155650319829425
0.9036594473487677	0.5159914712153518
0.9037313432835821	0.5164179104477612
0.9038031319910514	0.5168443496801706
0.9038748137108793	0.51727078891258
0.9039463886820551	0.5176972281449893
0.9040178571428571	0.5181236673773987
0.9040892193308551	0.5185501066098082
0.9041604754829123	0.5189765458422174
0.9043026706231454	0.5198294243070363
0.9031065088757396	0.520682302771855
0.9031781226903178	0.5211087420042645
0.9032496307237814	0.5215351812366738
0.9026548672566371	0.5219616204690831
0.9033210332103321	0.5219616204690831
0.9027266028002948	0.5223880597014926
0.9028697571743929	0.5232409381663113
0.9022777369581191	0.5236673773987207
0.9023494860499266	0.5240938166311301
0.9024211298606016	0.5245202558635395
0.9024926686217009	0.5249466950959488
0.9025641025641026	0.5253731343283582
0.9026354319180088	0.5257995735607676
0.902706656912948	0.526226012793177
0.9027777777777778	0.5266524520255863
0.9029197080291971	0.5275053304904052
0.9029905178701677	0.5279317697228145
0.9030612244897959	0.5283582089552239
0.9011627906976745	0.5287846481876333
0.9018181818181819	0.5287846481876333
0.9031318281136198	0.5287846481876333
0.9005805515239478	0.5292110874200426
0.9006526468455403	0.529637526652452
0.9007246376811594	0.5300639658848615
0.9008683068017366	0.5309168443496802
0.9002890173410405	0.5313432835820896
0.900939985538684	0.5313432835820896
0.9003610108303249	0.531769722814499
0.9004329004329005	0.5321961620469083
0.9005046863734679	0.5326226012793177
0.9005763688760807	0.5330490405117271
0.9006479481641468	0.5334754797441364
0.9007194244604316	0.5339019189765458
0.9007907979870596	0.5343283582089552
0.9008620689655172	0.5347547974413647
0.9009332376166547	0.535181236673774
0.9003584229390681	0.5356076759061834
0.9004297994269341	0.5360341151385928
0.9005010737294202	0.5364605543710022
0.9005722460658083	0.5368869936034115
0.9006433166547534	0.5373134328358209
0.9000713775874375	0.5377398720682303
0.9001426533523538	0.5381663113006396
0.9002138275124733	0.5385927505330491
0.9002849002849003	0.5390191897654584
0.900355871886121	0.5394456289978677
0.9004267425320057	0.5398720682302772
0.900497512437811	0.5402985074626866
0.9005681818181818	0.540724946695096
0.9006387508871541	0.5411513859275053
0.900709219858156	0.5415778251599147
0.9007795889440113	0.5420042643923241
0.9008498583569405	0.5424307036247336
0.9009200283085633	0.5428571428571428
0.9003533568904594	0.5432835820895522
0.900990099009901	0.5432835820895522
0.9004237288135594	0.5437100213219617
0.9004940014114327	0.544136460554371
0.9005641748942173	0.5445628997867804
0.9006342494714588	0.5449893390191898
0.9007042253521127	0.5454157782515991
0.9007741027445461	0.5458422174840085
0.9008438818565401	0.546268656716418
0.9009135628952917	0.5466950959488273
0.9003508771929825	0.5471215351812366
0.9004207573632539	0.5475479744136461
0.900490539593553	0.5479744136460554
0.8999300209937019	0.5484008528784649
0.9005602240896359	0.5484008528784649
0.9	0.5488272921108742
0.9000698812019566	0.5492537313432836
0.9001396648044693	0.549680170575693
0.9002093510118633	0.5501066098081023
0.900278940027894	0.5505330490405117
0.9003484320557491	0.5509594882729211
0.8992355802640722	0.5518123667377398
0.8993055555555556	0.5522388059701493
0.8993754337265788	0.5526652452025587
0.8994452149791956	0.553091684434968
0.8995148995148995	0.5535181236673774
0.899584487534626	0.5539445628997868
0.8996539792387543	0.5543710021321961
0.8997233748271093	0.5547974413646055
0.8997926744989634	0.555223880597015
0.8998618784530387	0.5556503198294243
0.8999309868875086	0.5560767590618337
0.9	0.5565031982942431
0.9000689179875948	0.5569296375266525
0.900137741046832	0.5573560767590618
0.9003436426116839	0.55863539445629
0.9004120879120879	0.5590618336886994
0.9004804392587509	0.5594882729211087
0.9005486968449932	0.5599147121535182
0.9006168608636053	0.5603411513859275
0.9000684462696783	0.5607675906183368
0.9006849315068494	0.5607675906183368
0.8995215311004785	0.5611940298507463
0.9001367989056087	0.5611940298507463
0.8995901639344263	0.5616204690831557
0.8996587030716724	0.562046908315565
0.8997271487039563	0.5624733475479744
0.8998637602179836	0.5633262260127931
0.899931926480599	0.5637526652452026
0.8993881713120326	0.564179104477612
0.9	0.564179104477612
0.8994565217391305	0.5646055437100213
0.8995247793618466	0.5650319829424307
0.8995929443690638	0.5654584221748401
0.8996610169491526	0.5658848614072495
0.8985115020297699	0.5663113006396588
0.8991198375084631	0.5663113006396588
0.8997289972899729	0.5663113006396588
0.8985801217038539	0.5667377398720683
0.8986486486486487	0.5671641791044776
0.8987170830519919	0.5675906183368871
0.8987854251012146	0.5680170575692964
0.8983164983164983	0.5688699360341152
0.898921832884097	0.5688699360341152
0.8983849259757739	0.5692963752665245
0.898453261600538	0.5697228144989339
0.8985215053763441	0.5701492537313433
0.8985896574882472	0.5705756929637527
0.8986577181208054	0.571002132196162
0.8987256874580818	0.5714285714285714
0.8987935656836461	0.5718550106609809
0.898861352980576	0.5722814498933901
0.8989290495314591	0.5727078891257996
0.8989966555183947	0.573134328358209
0.8990641711229946	0.5735607675906184
0.8991315965263861	0.5739872068230277
0.8991989319092123	0.5744136460554371
0.8992661774516344	0.5748400852878465
0.8993333333333333	0.5752665245202558
0.899400399733511	0.5756929637526653
0.8994673768308922	0.5761194029850746
0.8983388704318936	0.5765458422174841
0.8995342648037259	0.5765458422174841
0.898406374501992	0.5769722814498934
0.8984737889847378	0.5773987206823028
0.8985411140583555	0.5778251599147122
0.8986083499005965	0.5782515991471215
0.8986754966887417	0.5786780383795309
0.898742554599603	0.5791044776119403
0.8988095238095238	0.5795309168443497
0.898876404494382	0.579957356076759
0.8989431968295905	0.5803837953091685
0.899009900990099	0.5808102345415779
0.8985507246376812	0.5816631130063966
0.8991430454845089	0.5816631130063966
0.8986175115207373	0.582089552238806
0.8986842105263158	0.5825159914712154
0.8987508218277449	0.5829424307036247
0.8988173455978975	0.5833688699360341
0.8982939632545932	0.5837953091684435
0.8988837820091924	0.5837953091684435
0.898360655737705	0.584221748400853
0.898427260812582	0.5846481876332622
0.8984937786509496	0.5850746268656717
0.8985602094240838	0.5855010660980811
0.8986265533028123	0.5859275053304904
0.8986928104575164	0.5863539445628998
0.8987589810581319	0.5867803837953092
0.8988250652741514	0.5872068230277185
0.8988910632746249	0.5876332622601279
0.8989569752281616	0.5880597014925374
0.8990228013029316	0.5884861407249466
0.8990885416666666	0.5889125799573561
0.8991541964866623	0.5893390191897655
0.898635477582846	0.5897654584221749
0.8992197659297789	0.5897654584221749
0.8987012987012987	0.5901918976545842
0.8987670343932511	0.5906183368869936
0.8988326848249028	0.591044776119403
0.8988982501620221	0.5914712153518124
0.8983818770226537	0.5918976545842218
0.8989637305699482	0.5918976545842218
0.8979987088444158	0.5931769722814499
0.8980645161290323	0.5936034115138592
0.8981302385557705	0.5940298507462687
0.8976175144880876	0.594456289978678
0.8981958762886598	0.594456289978678
0.8976833976833977	0.5948827292110874
0.8977491961414791	0.5953091684434968
0.8978149100257069	0.5957356076759063
0.8973042362002568	0.5961620469083155
0.8978805394990366	0.5961620469083155
0.8973701090442592	0.5965884861407249
0.8974358974358975	0.5970149253731344
0.8975016015374759	0.5974413646055436
0.8975672215108835	0.5978678038379531
0.8976327575175944	0.5982942430703625
0.8976982097186701	0.5987206823027719
0.8977635782747604	0.5991471215351812
0.8966836734693877	0.5995735607675907
0.8967495219885278	0.6
0.8968152866242038	0.6004264392324093
0.8963763509218055	0.6012793176972281
0.8969465648854962	0.6012793176972281
0.8964421855146124	0.6017057569296376
0.8965079365079365	0.6021321961620469
0.8965736040609137	0.6025586353944563
0.8966391883322765	0.6029850746268657
0.8967701076630779	0.6038379530916844
0.8968354430379747	0.6042643923240938
0.8969006957621758	0.6046908315565033
0.8969658659924147	0.6051172707889125
0.8970309538850284	0.605543710021322
0.8965299684542587	0.6059701492537314
0.8965952080706179	0.6063965884861408
0.8966603654694392	0.6068230277185501
0.8967254408060453	0.6072494669509595
0.8967904342353682	0.6076759061833689
0.8968553459119497	0.6081023454157782
0.8969201759899434	0.6085287846481877
0.8969849246231156	0.608955223880597
0.8964868255959849	0.6093816631130065
0.8970495919648462	0.6093816631130065
0.8959899749373433	0.6098081023454158
0.896551724137931	0.6098081023454158
0.8960551033187226	0.6102345415778252
0.8961201501877347	0.6106609808102346
0.8961851156973109	0.6110874200426439
0.89625	0.6115138592750533
0.89631480324797	0.6119402985074627
0.8963795255930087	0.6123667377398722
0.8965087281795511	0.6132196162046909
0.8966376089663761	0.6140724946695095
0.896701929060361	0.614498933901919
0.8967661691542289	0.6149253731343284
0.8968303293971411	0.6153518123667377
0.8968944099378882	0.6157782515991471
0.8970223325062034	0.6166311300639659
0.8971499380421314	0.6174840085287847
0.8972136222910216	0.617910447761194
0.8968499073502162	0.6191897654584222
0.8963602714373843	0.6196162046908316
0.8964241676942046	0.6200426439232409
0.8964879852125693	0.6204690831556503
0.896551724137931	0.6208955223880598
0.8966153846153846	0.6213219616204692
0.8966789667896679	0.6217484008528784
0.8967424708051629	0.6221748400852879
0.8968058968058968	0.6226012793176973
0.8968692449355433	0.6230277185501066
0.8969325153374234	0.623454157782516
0.8970588235294118	0.6243070362473347
0.8971218616044091	0.6247334754797441
0.8971848225214198	0.6251599147121535
0.8973105134474327	0.6260127931769723
0.8973732437385461	0.6264392324093817
0.8974358974358975	0.6268656716417911
0.8969512195121951	0.6272921108742004
0.8974984746796827	0.6272921108742004
0.8970140158439975	0.6277185501066098
0.8970767356881851	0.6281449893390192
0.8971393791844188	0.6285714285714286
0.8972019464720195	0.6289978678038379
0.8972644376899696	0.6294243070362473
0.8973268529769137	0.6298507462686568
0.8973891924711597	0.630277185501066
0.8974514563106796	0.6307036247334755
0.897513644633111	0.6311300639658849
0.8975757575757576	0.6315565031982943
0.8976377952755905	0.6319829424307036
0.8976997578692494	0.632409381663113
0.8977616454930429	0.6328358208955224
0.8978234582829504	0.6332622601279317
0.8979468599033816	0.6341151385927505
0.8980084490042245	0.63454157782516
0.8980699638118215	0.6349680170575693
0.8981314044605184	0.6353944562899787
0.8981927710843374	0.6358208955223881
0.8982540638169777	0.6362473347547974
0.898315282791817	0.6366737739872068
0.8983764281419122	0.6371002132196162
0.8984375	0.6375266524520257
0.8979591836734694	0.6379530916844349
0.8980203959208158	0.6383795309168444
0.8980815347721822	0.6388059701492538
0.8981426003594967	0.639232409381663
0.8982645122681029	0.6400852878464819
0.8983253588516746	0.6405117270788913
0.8983861326957562	0.6409381663113006
0.8984468339307049	0.6413646055437101
0.8985074626865671	0.6417910447761194
0.8985680190930787	0.6422174840085287
0.898628503279666	0.6426439232409382
0.8986889153754469	0.6430703624733475
0.8988095238095238	0.6439232409381663
0.8988697204045211	0.6443496801705757
0.8991097922848664	0.6460554371002132
0.898696682464455	0.6469083155650319
0.8987566607460036	0.6473347547974414
0.8988165680473372	0.6477611940298508
0.898876404494382	0.6481876332622601
0.898936170212766	0.6486140724946695
0.8989958653278204	0.649040511727079
0.8991150442477877	0.6498933901918976
0.8987043580683156	0.6507462686567164
0.8992339422510313	0.6507462686567164
0.8987639788110653	0.6511727078891258
0.8988235294117647	0.6515991471215352
0.8988830099941211	0.6520255863539446
0.8989424206815512	0.652452025586354
0.8990017615971815	0.6528784648187633
0.8990610328638498	0.6533049040511727
0.8991202346041056	0.6537313432835821
0.8991793669402111	0.6541577825159915
0.8992384299941417	0.6545842217484008
0.8992974238875878	0.6550106609808103
0.8988304093567251	0.6554371002132197
0.8990665110851809	0.6571428571428571
0.8991253644314868	0.6575692963752665
0.8991841491841492	0.657995735607676
0.8993015133876601	0.6588486140724947
0.8993600930773705	0.6592750533049041
0.8994186046511627	0.6597014925373135
0.8989547038327527	0.6601279317697228
0.8990133488102148	0.6605543710021322
0.8991304347826087	0.661407249466951
0.899188876013905	0.6618336886993603
0.8992472495657209	0.6622601279317697
0.8993055555555556	0.6626865671641792
0.8988439306358381	0.6631130063965885
0.8993637941006362	0.6631130063965885
0.8989023685730791	0.6635394456289978
0.898960739030023	0.6639658848614073
0.8985005767012687	0.6643923240938167
0.8980414746543779	0.664818763326226
0.8981001727115717	0.6652452025586354
0.8981588032220944	0.6656716417910448
0.8982173663024727	0.6660980810234541
0.8982758620689655	0.6665245202558636
0.8983342906375646	0.6669509594882729
0.8983926521239954	0.6673773987206822
0.8984509466437177	0.6678038379530917
0.8985091743119266	0.6682302771855011
0.898567335243553	0.6686567164179105
0.8975972540045767	0.6690831556503198
0.8986254295532646	0.6690831556503198
0.8976558033161807	0.6695095948827292
0.8977142857142857	0.6699360341151386
0.8977727013135351	0.6703624733475481
0.8978310502283106	0.6707889125799573
0.8978893325727325	0.6712153518123667
0.8979475484606614	0.6716417910447762
0.898005698005698	0.6720682302771855
0.8980637813211845	0.6724946695095949
0.8981217985202049	0.6729211087420043
0.8981797497155859	0.6733475479744137
0.8982376350198976	0.673773987206823
0.8982954545454546	0.6742004264392324
0.8983532084043158	0.6746268656716418
0.8984685195689166	0.6754797441364606
0.8985260770975056	0.6759061833688699
0.8986409966024915	0.6767590618336887
0.8986983588002264	0.6771855010660981
0.8987556561085973	0.6776119402985075
0.8988128886376484	0.6780383795309168
0.898927159796725	0.6788912579957356
0.8984771573604061	0.6793176972281451
0.8985343855693348	0.6797441364605543
0.8985915492957747	0.6801705756929638
0.8986486486486487	0.6805970149253732
0.8987056837366347	0.6810234541577825
0.8987626546681665	0.6814498933901919
0.8978102189781022	0.6818763326226013
0.8978675645342312	0.6823027718550106
0.897982062780269	0.6831556503198295
0.8980392156862745	0.6835820895522388
0.8980963045912654	0.6840085287846482
0.898153329602686	0.6844349680170576
0.8982102908277405	0.6848614072494669
0.8982671883733929	0.6852878464818764
0.8983240223463688	0.6857142857142857
0.8983807928531546	0.6861407249466951
0.8984375	0.6865671641791045
0.8984941438929169	0.6869936034115139
0.8985507246376812	0.6874200426439232
0.8986072423398329	0.6878464818763327
0.8986636971046771	0.688272921108742
0.8987200890372844	0.6886993603411513
0.8988326848249028	0.6895522388059702
0.8988888888888888	0.6899786780383795
0.8989450305385897	0.6904051172707889
0.8990011098779135	0.6908315565031984
0.899057127010538	0.6912579957356076
0.8991130820399114	0.6916844349680171
0.8991689750692521	0.6921108742004265
0.8993919292426755	0.693816631130064
0.8994475138121547	0.6942430703624733
0.8995584988962473	0.6950959488272921
0.8997245179063361	0.6963752665245202
0.899284534947716	0.6968017057569297
0.8997797356828194	0.6968017057569297
0.8993399339933993	0.697228144989339
0.8993952721275426	0.6976545842217484
0.8994505494505495	0.6980810234541578
0.899505766062603	0.6985074626865672
0.8995609220636663	0.6989339019189765
0.8996160175534833	0.6993603411513859
0.899671052631579	0.6997867803837954
0.8997260273972603	0.7002132196162046
0.8997809419496167	0.7006396588486141
0.8998357963875205	0.7010660980810235
0.899890590809628	0.7014925373134329
0.8999453253143794	0.7019189765458422
0.9000546149645002	0.702771855010661
0.9001091703056768	0.7031982942430703
0.900163666121113	0.7036247334754798
0.9002181025081788	0.7040511727078891
0.9002724795640327	0.7044776119402986
0.9003267973856209	0.7049040511727079
0.9004352557127312	0.7057569296375267
0.9004893964110929	0.706183368869936
0.9005434782608696	0.7066098081023454
0.9005975013579577	0.7070362473347548
0.9006514657980456	0.7074626865671642
0.9002169197396963	0.7078891257995735
0.9007053716766142	0.7078891257995735
0.9003250270855905	0.7087420042643924
0.9003789929615593	0.7091684434968017
0.9004329004329005	0.7095948827292111
0.9005405405405406	0.7104477611940299
0.9005942733657483	0.7108742004264392
0.9006479481641468	0.7113006396588486
0.9007015650296816	0.711727078891258
0.9007551240560949	0.7121535181236675
0.9008086253369272	0.7125799573560767
0.9008620689655172	0.7130063965884862
0.9009154550350027	0.7134328358208956
0.900484131253362	0.7138592750533049
0.9009687836383208	0.7138592750533049
0.9005376344086021	0.7142857142857143
0.9006977992485239	0.7155650319829424
0.9007510729613734	0.7159914712153519
0.900804289544236	0.7164179104477612
0.9008574490889604	0.7168443496801705
0.9009105516871987	0.71727078891258
0.9004815409309791	0.7176972281449894
0.9009635974304069	0.7176972281449894
0.9005347593582887	0.7181236673773987
0.9001068376068376	0.7185501066098081
0.9001601708489055	0.7189765458422175
0.9002134471718249	0.7194029850746269
0.9002666666666667	0.7198294243070363
0.900319829424307	0.7202558635394456
0.9003729355354289	0.720682302771855
0.9004259850905219	0.7211087420042644
0.9004789781798829	0.7215351812366737
0.9005319148936171	0.7219616204690832
0.8972457627118644	0.7223880597014926
0.8973001588141875	0.7228144989339019
0.8973544973544973	0.7232409381663113
0.8974087784241143	0.7236673773987208
0.8974630021141649	0.72409381663113
0.8975712777191129	0.7249466950959489
0.8976253298153034	0.7253731343283581
0.897206114918292	0.7257995735607676
0.8972602739726028	0.726226012793177
0.8973143759873617	0.7266524520255864
0.8973684210526316	0.7270788912579957
0.8974224092582851	0.7275053304904051
0.8974763406940063	0.7279317697228145
0.8975302154492906	0.7283582089552239
0.8975840336134454	0.7287846481876333
0.8976377952755905	0.7292110874200426
0.897691500524659	0.7296375266524521
0.8977987421383647	0.7304904051172708
0.8978522786799371	0.7309168443496802
