Precision	Recall	Confidence
1.0	0.00036832412523020257	-8.296966370835435e-06
0.9615384615384616	0.0007083156254426973	-1.0447068234498147e-05
0.9487179487179488	0.001048307125655192	-1.1489504686323926e-05
0.9230769230769231	0.0017514713647310335	-1.1761982932512183e-05
0.8984615384615384	0.0020461306649151956	-1.234478440892417e-05
0.9153846153846154	0.0024144547901453982	-1.4753903087694198e-05
0.9274725274725275	0.0027827789153756005	-1.5576681107631885e-05
0.9365384615384615	0.003151103040605803	-1.6117095583467744e-05
0.9356532356532357	0.003729898094538979	-1.807646367524285e-05
0.9309768009768009	0.004057297316965826	-2.1505355107365176e-05
0.9271506271506271	0.0043846965393926724	-2.2459029423771426e-05
0.9213166463166464	0.005121344789853078	-2.2842770704301074e-05
0.9273692119845968	0.0054896689150832805	-2.3928556402097456e-05
0.8831065759637189	0.005811952524659708	-2.7840047550853342e-05
0.884838864838865	0.0061467926385053466	-2.839830267475918e-05
0.8535748973248974	0.006453729409530515	-2.8473990823840722e-05
0.846501864148923	0.0068056835736393755	-2.9617185646202415e-05
0.8550295383628718	0.007358169761484679	-3.215022661606781e-05
0.8591507907297382	0.007701938945032868	-3.3219654142158106e-05
0.8661932511932513	0.008070263070263073	-3.327821468701586e-05
0.8725650011364298	0.008438587195493275	-3.517375444062054e-05
0.8745696222968949	0.00877621764362096	-3.723476402228698e-05
0.8774655722226055	0.009122875643837621	-3.8279937143670395e-05
0.8678652910270558	0.00939298000233977	-3.852162990369834e-05
0.8731506793859736	0.010111212046538665	-4.158330921200104e-05
0.87802949940959	0.010743501794850513	-4.218926187604666e-05
0.8825469253573829	0.011111825920080714	-4.2757987102959305e-05
0.8867416780231906	0.011531306173815113	-4.365865606814623e-05
0.8906471374017013	0.011899630299045314	-4.5193566620582715e-05
0.8942922328216446	0.012472578938292296	-4.7640365664847195e-05
0.89770216079514	0.012840903063522499	-5.199598308536224e-05
0.887010079381403	0.013442499134731827	-5.6624412536621094e-05
0.8769660029018318	0.013755454273816315	-5.9954822063446045e-05
0.8717611204635426	0.014013281161477452	-6.523132469737902e-05
0.8631801904911148	0.014995478828757994	-8.693985000718385e-05
0.8642029629774729	0.015363802953988197	-9.192161815008149e-05
0.858864144158262	0.01560935237080833	-9.235582547262311e-05
0.8609335087856761	0.015977676496038533	-0.00010181427205679938
0.8467478369627691	0.016204337496180197	-0.0001224336156155914
0.8430791410386999	0.016462164383841342	-0.00012583835632540286
0.8432479424767805	0.016775239890287015	-0.00013593147741630673
0.8414856288280658	0.017437479226559496	-0.00014246426871977746
0.843510879984888	0.01777949448570183	-0.00014713832933921367
0.8413856327125043	0.018055737579624483	-0.0001472126314183697
0.8430585445781525	0.018393368027752165	-0.00014972686767578125
0.8437529240438447	0.018899813699943695	-0.00015055338735692203
0.8399851313336921	0.019268137825173896	-0.00015390486805699766
0.8417162103283427	0.019562797125358057	-0.00016264915757346898
0.8388240427706213	0.02021759557021175	-0.00017095866496674716
0.8377618476294946	0.02050699309717834	-0.00017356376338284463
0.8409429878720535	0.02087531722240854	-0.00019095036259386688
0.8306881670993662	0.021197600831984968	-0.00020611727086361498
0.826625835934937	0.02165800598852272	-0.00021273749007377774
0.8285137172800572	0.02212279595607512	-0.0002245409705210477
0.8283258645691801	0.022399039049997772	-0.00022602081298828125
0.820113278641723	0.022767363175227973	-0.00023177984985522926
0.8180060281392367	0.02350401142568838	-0.00024245766690000892
0.8120694450769449	0.02521525700433727	-0.0002693350543268025
0.8135597934654712	0.02581127240698251	-0.00027653243159875274
0.8148152783891949	0.026138671629409353	-0.00028133392333984375
0.8178510934975687	0.026506995754639558	-0.0002837578358594328
0.8097533254360628	0.027260386010792247	-0.0002935097727458924
0.809371753376987	0.02754978353775883	-0.0002942085266113281
0.8117253197304716	0.02790337469797982	-0.00030422210693359375
0.8135229521741786	0.028245389957122155	-0.00030634619179181755
0.8125604832018426	0.028466384432260277	-0.00030798069201409817
0.8141143068356459	0.028804014880387967	-0.0003086391370743513
0.8168479199704158	0.029172339005618164	-0.0003425338654778898
0.8077951222569754	0.029516108189166352	-0.00037311154301278293
0.819502297941859	0.029516108189166352	-0.0003590810811147094
0.809960521401785	0.029870266001887705	-0.00038734235567972064
0.812599958604538	0.030238590127117906	-0.00039222746272571385
0.8151670824592704	0.03060691425234811	-0.00043674136395566165
0.8163134732368478	0.030938405965055295	-0.00043932595872320235
0.8139141420785382	0.031269897677762476	-0.0004618300299625844
0.8097836928406628	0.03145405974037757	-0.00046212333836592734
0.8091982667304325	0.031796074999519905	-0.0004916191101074219
0.8079814391349874	0.03232225232127734	-0.0005375317414291203
0.8104120538294811	0.032690576446507545	-0.0005446724244393408
0.8127819031566126	0.03305890057173775	-0.0005658654845319688
0.8131939024528747	0.03376835530125645	-0.00057306292001158
0.8090841045716259	0.03465428643580637	-0.000587761402130127
0.8100456079971351	0.03494894573599052	-0.0006009578937664628
0.8099260174257407	0.03524360503617469	-0.0006030930671840906
0.8089536257768818	0.03601182392594053	-0.0006040990119799972
0.8017620276919898	0.03709048743554327	-0.0006153082940727472
0.802398588950046	0.03742197914825046	-0.0006166244274936616
0.8035076958937953	0.03775347086095764	-0.0006421033176593482
0.8009000652818266	0.03812179498618785	-0.0006568789249286056
0.8031122867786953	0.03914126354709287	-0.0006669568829238415
0.8037060293101694	0.03941750664101552	-0.0006728172302246094
0.8040280652234647	0.03968059530189424	-0.0006731257890351117
0.8061352903285887	0.0400272533021109	-0.0006909561343491077
0.8081976808570079	0.040395577427341095	-0.0007261038990691304
0.8029798105321974	0.040658666088219816	-0.0007332066888920963
0.8050321041724869	0.04148823247027238	-0.0007769312360323966
0.8066297113459664	0.04208737304731351	-0.0007841475307941437
0.8086028775567219	0.042455697172543716	-0.0007931668078526855
0.8042230505106945	0.04325931344577325	-0.0008129251655191183
0.8048171836419512	0.043977545489972146	-0.0008806188707239926
0.8049495067562072	0.044417023139394544	-0.0008829169673845172
0.8019598057095777	0.04532204813281733	-0.0009565770742483437
0.8008952220843167	0.045637561078327026	-0.0009588054963387549
0.8028096911027368	0.04600588520355723	-0.0010524417739361525
0.797234277895547	0.048768316142783756	-0.0010528857819736004
0.7975748350223186	0.04917570494796262	-0.0010770136723294854
0.7951532154282926	0.04946217926758611	-0.0010899011977016926
0.7916487103471666	0.04961564765309869	-0.0011156885884702206
0.7894317497017797	0.0507206200287893	-0.0011291856644675136
0.7900473052239713	0.05103632642184376	-0.0011324839433655143
0.7919387709426744	0.05140465054707396	-0.0011816819896921515
0.7812407395985562	0.05158881260968906	-0.0012486600317060947
0.7882161033449719	0.05158881260968906	-0.0011853112373501062
0.7831596804792706	0.051957136734919265	-0.0012570442631840706
0.7814220600693058	0.05217199247463688	-0.0012711116578429937
0.7778204592379875	0.05241754189145701	-0.0012903743190690875
0.7766669266193478	0.052654321686247854	-0.001299848547205329
0.76972523648518	0.05336263731169055	-0.0013151622842997313
0.7762483317096307	0.05336263731169055	-0.00130010349676013
0.7679404891440998	0.053567261825707334	-0.0013317810371518135
0.7661393280767932	0.05456378320896906	-0.0013426648220047355
0.7668852586429085	0.05487948960202352	-0.0013482354115694761
0.7679674923124783	0.05521098131473069	-0.0014268580125644803
0.7684946361916787	0.05621071822606981	-0.001482437364757061
0.7659022346577008	0.05657904235130001	-0.0014894503401592374
0.7667680899381952	0.056763204413915115	-0.0014902114635333419
0.7655760940755686	0.05703590592971056	-0.0015144497156143188
0.7666973035678759	0.05764977947176089	-0.0015144705539569259
0.7685058516022335	0.05800337063198189	-0.001586072612553835
0.765309200255067	0.0589364584158984	-0.001610596664249897
0.7664646007620257	0.05950311091625256	-0.0016197477234527469
0.7652035053017074	0.060047226101251724	-0.0016255719820037484
0.7644626268157296	0.06050462207375982	-0.0016487211687490344
0.7658472340782988	0.061204437911697204	-0.001686223316937685
0.7626434274061138	0.06214993808371671	-0.001756207668222487
0.7643886963222454	0.0625182622089469	-0.0018058887217193842
0.7646486328454406	0.06325491045940732	-0.0018408461473882198
0.7634555268103287	0.06403759922552149	-0.0018421878339722753
0.7635585645870728	0.06444684825355505	-0.0019027921371161938
0.7613188605543081	0.06538607477289207	-0.0019301214488223195
0.76301163459293	0.06575439889812226	-0.0019310712814331055
0.7640403618781271	0.0664559686604655	-0.0020133210346102715
0.7656904292775808	0.06682429278569571	-0.0020514836069196463
0.7632326117540028	0.06756094103615613	-0.002061022212728858
0.7619919270752396	0.06779625922727542	-0.002104333834722638
0.7588573784383336	0.06803064730696737	-0.0021171532571315765
0.7588971641792492	0.06896229068254964	-0.002127307001501322
0.7590247358927528	0.0691606190576736	-0.002157155191525817
0.759970878604882	0.06949211077038078	-0.0021595649886876345
0.7578673690438124	0.06962604681591904	-0.0022046566009521484
0.7568218897786217	0.0703013077121744	-0.0022207058500498533
0.7584217457669202	0.0706696318374046	-0.0022483826614916325
0.7578220393675722	0.07118528561272688	-0.002249215729534626
0.7588534979863975	0.07147041371844237	-0.0022848681546747684
0.7604092818703562	0.07198606749376465	-0.0022874718997627497
0.7619451198070847	0.07235439161899486	-0.0023639542050659657
0.7586293587968684	0.0729016160336226	-0.002420874312520027
0.7634613929293326	0.0729016160336226	-0.0023887157440185547
0.7576316898736177	0.0732699401588528	-0.0024242799263447523
0.7563339918119076	0.0743749125345434	-0.0024252363946288824
0.7568122485915437	0.07573047685972098	-0.002463211305439472
0.7537508740028144	0.07676996939092622	-0.002480480121448636
0.755261604837153	0.07691163251601477	-0.002543756039813161
0.7558828319853585	0.07722733890906923	-0.0025469737593084574
0.7570868478796622	0.07757892102860715	-0.0025473458226770163
0.7573453608442425	0.07782447044542729	-0.002608307870104909
0.7568023746515624	0.07802537451373467	-0.0026148874312639236
0.7448475988523892	0.07820953657634977	-0.0026595364324748516
0.7492549810941193	0.07820953657634977	-0.002656221389770508
0.7537148321720605	0.07820953657634977	-0.0026419409550726414
0.7463397181573459	0.0785573982501783	-0.0026928281877189875
0.7475376323098086	0.07890818313134991	-0.002738026902079582
0.7477124308385253	0.07964483138181032	-0.002795978682115674
0.7479524380418127	0.0798750339600792	-0.002834249520674348
0.7468530272847483	0.0800802431155646	-0.0028403226751834154
0.743660176290409	0.08037950646731414	-0.0030806150753051043
0.74788551820115	0.08037950646731414	-0.002910033566877246
0.7444983614958401	0.08070836729341253	-0.0031396569684147835
0.7431324488617851	0.08168657876886158	-0.003205719869583845
0.7439058960413113	0.08228781373798735	-0.003208490554243326
0.7429529826456607	0.08296779673841233	-0.003306942293420434
0.7423673268968585	0.08325427105803582	-0.0033552232198417187
0.7437751557116299	0.08362259518326602	-0.0033623925410211086
0.7433560878363855	0.08376992483335811	-0.003370046615600586
0.7418984020130878	0.08433038340486641	-0.0034350643400102854
0.7431068335434833	0.08468643005925561	-0.0035473064053803682
0.7444805937919139	0.08491444023201716	-0.0035585120785981417
0.7443199827307108	0.08519189128549595	-0.0035767327062785625
0.7456727870548868	0.08556021541072614	-0.003624316304922104
0.7444646620296403	0.08696933422315987	-0.0036298995837569237
0.7433861116444671	0.08775202298927404	-0.0036468058824539185
0.7442886145352077	0.08878946927533911	-0.00366637809202075
0.7456135439935746	0.08915779340056931	-0.003702129004523158
0.7469248143853603	0.08952611752579952	-0.0037090638652443886
0.7458093628485425	0.08988853270784421	-0.00373948086053133
0.7469172893797386	0.09024321519880663	-0.0037613369058817625
0.7482019731899936	0.09041834970933275	-0.0038106332067400217
0.7474534783759027	0.09050334758438587	-0.003877830458804965
0.7478357694984596	0.09168520031319993	-0.003905479796230793
0.7490965906509673	0.09214560546973768	-0.003937125205993652
0.7503448663193705	0.09234204500319378	-0.003993884660303593
0.7501435423244966	0.09333662783842797	-0.00400396715849638
0.7513743623130459	0.09356328883856965	-0.004066944122314453
0.7525931154389623	0.09393161296379984	-0.004124577157199383
0.7490620064433305	0.09429993708903005	-0.004241636488586664
0.7527159674503712	0.09429993708903005	-0.0041508860886096954
0.7476392211684616	0.09449805082305536	-0.004275566898286343
0.7488524941436132	0.09486637494828556	-0.0044676861725747585
0.7489499978521642	0.09560302319874597	-0.004506587982177734
0.7501454740528681	0.09586085008640712	-0.004544046241790056
0.7513296187256033	0.09622917421163732	-0.004567861557006836
0.7513233469391618	0.0973341465873279	-0.004580565728247166
0.7493609525090875	0.09766154580975474	-0.004657323472201824
0.7505321630113815	0.09785798534321083	-0.004702878184616566
0.7516924785322587	0.09804214740582594	-0.004728483967483044
0.7508927326521143	0.10011908622309625	-0.004813182167708874
0.749913787056766	0.10088642815065917	-0.004888525698333979
0.7500023970667385	0.10116975440083625	-0.004964678082615137
0.7506170682427598	0.1014955795885399	-0.005070715211331844
0.7509930512658987	0.10180251635956507	-0.005103508476167917
0.7513656317277423	0.10203271893783394	-0.0051401774398982525
0.751134255008248	0.10229054582549506	-0.005154665559530258
0.7522502448961034	0.10265886995072526	-0.005188107490539551
0.7533562705885315	0.10296580672175044	-0.0052431547082960606
0.7506210473169502	0.1032604660219346	-0.005245313514024019
0.747299715249176	0.10331713127197001	-0.0052495477721095085
0.748412932362616	0.1035460179233601	-0.005302323028445244
0.7495163844136571	0.10384528127510964	-0.005397215951234102
0.7486252846802113	0.10456219787600415	-0.005510359071195126
0.7492605523211897	0.10506622036316127	-0.005566413514316082
0.7479847293870956	0.10521968874867386	-0.005687191151082516
0.746772151530542	0.10565870134238257	-0.005688960198312998
0.745713043584059	0.10620002619309968	-0.00569935655221343
0.7458135466851133	0.10669989464876924	-0.005803398322314024
0.7461859713091482	0.1071331139770162	-0.005877717398107052
0.7472614544815671	0.10756518650853625	-0.005907678510993719
0.7483278618466238	0.10781073592535637	-0.005991483107209206
0.7488909924320433	0.10813572780055948	-0.006135839968919754
0.7488909924320433	0.10813572780055948	-0.006045774091035128
0.7494494106276266	0.1084607196757626	-0.0061511993408203125
0.750493371416678	0.10899903955109902	-0.006162054371088743
0.7484231782644741	0.10981939783002084	-0.006237438879907131
0.7515286686307168	0.10981939783002084	-0.0061907051131129265
0.7478975259060706	0.11113825667141532	-0.0063619245775043964
0.7489307327671113	0.11147309678526096	-0.00647494662553072
0.7488670699122796	0.11220974503572137	-0.006527509540319443
0.7462735829378597	0.11241064910402875	-0.00661409692838788
0.7493072153888267	0.11241064910402875	-0.006541130132973194
0.7462886088131103	0.11251110113818244	-0.006634278688579798
0.7460718179837712	0.11281245724064351	-0.0066686151549220085
0.7470875307118362	0.11303911824078519	-0.006786537356674671
0.7480951501113906	0.1134074423660154	-0.006853707134723663
0.7471106455474565	0.11387398625797367	-0.006882776971906424
0.7467926851566233	0.11418650369756293	-0.006899888627231121
0.7450828714355342	0.11457529027419479	-0.0069317626766860485
0.7455596706325192	0.11489450451606097	-0.007081885356456041
0.7465535781691108	0.11526282864129117	-0.007245413493365049
0.7467615408999704	0.11550837805811132	-0.0073216757737100124
0.7477430853150867	0.11587670218334153	-0.007382973562926054
0.7479448494644494	0.11607760625164892	-0.007399748545140028
0.7461170895539218	0.1191132446464033	-0.007403327152132988
0.7454039972567803	0.12014279827264197	-0.0074253869242966175
0.746057671567505	0.12048042872076967	-0.007496786303818226
0.7468231116796157	0.12075667181469235	-0.007505297660827637
0.7477821150444657	0.12108622497937199	-0.007546544075012207
0.7458228294351334	0.1218228732298324	-0.007642725016921759
0.7446535052970151	0.12300411474256563	-0.007763270288705826
0.7456098592097604	0.12445967711893831	-0.007796979509294033
0.7465590761530075	0.1247996686191508	-0.007836091332137585
0.7444397880938339	0.12486466699419142	-0.007853503338992596
0.7453863073971901	0.1251716037652166	-0.007868843153119087
0.7440195682555031	0.12539259824035473	-0.007893902249634266
0.7449606727839755	0.1256293780351456	-0.007914066314697266
0.7431958274431434	0.12584371969357183	-0.007983888499438763
0.7429165239366599	0.12608926911039198	-0.007994932122528553
0.7438513729405266	0.12645759323562217	-0.008019418455660343
0.7447794476762494	0.12682591736085239	-0.008116666227579117
0.7452495579734469	0.1271482009704288	-0.008166249841451645
0.7451848931148113	0.12754721877276154	-0.008180888369679451
0.7434335724497055	0.12807339609451898	-0.008332855068147182
0.7460982089100987	0.12807339609451898	-0.008181235752999783
0.742297660890249	0.12912925858684557	-0.008372178301215172
0.7430248621674205	0.12947819723180048	-0.008378357626497746
0.7439329015237194	0.12992018618207674	-0.008396408520638943
0.744834546236664	0.13028851030730695	-0.00841724593192339
0.7454108843519421	0.13082167879627654	-0.008517986163496971
0.7446620700709913	0.13115123196095618	-0.00857691653072834
0.7441170290397949	0.13182091218864747	-0.008623163215816021
0.744658289355629	0.1320576919834383	-0.008623313158750534
0.7453111441790813	0.1324014611669865	-0.008782430551946163
0.7441930113770119	0.1327697852922167	-0.00878419540822506
0.74316294757312	0.13338510324260128	-0.009118309244513512
0.743064052938574	0.1343243297619383	-0.009179217740893364
0.7439409674336642	0.13462765551212788	-0.009195358492434025
0.7445284698120078	0.1349652859602556	-0.009242820553481579
0.74175012429526	0.1355879291243352	-0.009273126721382141
0.7442645314962608	0.1355879291243352	-0.0092447679489851
0.7413952876355576	0.13582231720402718	-0.009392221458256245
0.741843625596512	0.1361446008136036	-0.009604757651686668
0.7398313347592019	0.13653747988051582	-0.00964482594281435
0.7423056870493665	0.13653747988051582	-0.009614234790205956
0.7372969739802858	0.13684441665154098	-0.009748882614076138
0.7397464655881938	0.13684441665154098	-0.009678072296082973
0.7378889531640691	0.1376731459333089	-0.009829218499362469
0.7373805465198892	0.13814192209269283	-0.009829672053456306
0.7365309738085624	0.13917842395792396	-0.009830520488321781
0.7371196525433927	0.13936258602053905	-0.009990192949771881
0.7377044962376053	0.13961580885663483	-0.010115844197571278
0.7385561050160546	0.1398968983206263	-0.010157362557947636
0.7385931402749023	0.14017314141454892	-0.010319669730961323
0.7394363882094994	0.14054146553977914	-0.010324160568416119
0.7396311265110767	0.1408361248399633	-0.01033357810229063
0.739504103669695	0.14178982123564865	-0.010361890308558941
0.7394235337355608	0.1418698916976552	-0.010372713208198547
0.7402533950930908	0.14223821582288543	-0.010479778051376343
0.7401011865128196	0.1426498721981427	-0.010641193017363548
0.7396578283276526	0.1427972018482348	-0.010682374238967896
0.7396561646256177	0.14351338764729354	-0.010702922940254211
0.7403001529269349	0.1441190762087832	-0.010738409124314785
0.7396293555493384	0.1447813155450557	-0.010754230432212353
0.7396096804799134	0.14538240005498	-0.010846447199583054
0.7398367531263934	0.14611904830544037	-0.010915793478488922
0.7385743201456696	0.14657945346197815	-0.010980475693941116
0.7371016391571161	0.14708944071229688	-0.011059395968914032
0.7393836875755593	0.14708944071229688	-0.010985946282744408
0.7371413264212481	0.14763355589729607	-0.011133996769785881
0.736553330160614	0.1478035516474023	-0.011244754306972027
0.7373589774689914	0.14797543623917642	-0.011420629918575287
0.7381597122937809	0.14974264795113948	-0.011500239372253418
0.738955579429666	0.15002912227076295	-0.011523956432938576
0.7389890473707883	0.15078418672748486	-0.011847752146422863
0.7394419169826254	0.15123436065832177	-0.01191624253988266
0.7396243208471356	0.15152901995850593	-0.0119781494140625
0.7402185421058529	0.15187432382590926	-0.01220511645078659
0.7409963309019432	0.15234496020814786	-0.012250022031366825
0.7417694761828328	0.15271328433337805	-0.012297025881707668
0.7403346424962879	0.152951611708527	-0.01235973834991455
0.7425380194084792	0.152951611708527	-0.012320109643042088
0.7411028831989616	0.1533199358337572	-0.012390931136906147
0.7407939178690639	0.15343861805188694	-0.01246214471757412
0.741210267937615	0.1540649660295511	-0.012589738704264164
0.7407123743994655	0.15455606486319137	-0.012608376331627369
0.7411456390617152	0.1548239369542679	-0.01262066513299942
0.7399566819021571	0.1551922610794981	-0.012840195558965206
0.738532389222209	0.155422463657767	-0.012980981729924679
0.7378409909925794	0.15652743603345762	-0.012994683347642422
0.7385986759897107	0.15741469455374899	-0.013049351051449776
0.7390900080735757	0.15774953466759464	-0.013124932534992695
0.7398397494296861	0.15811785879282483	-0.01313331350684166
0.7387755124761098	0.15873173233487517	-0.013195057399570942
0.7392361538690354	0.1593769816357414	-0.013199292123317719
0.7375099350071103	0.1598680804693817	-0.013203234411776066
0.7381203640337405	0.1602188653505533	-0.013211813755333424
0.7383900891592351	0.16044906792882216	-0.013242244720458984
0.7366949337273521	0.16081739205405238	-0.013384787365794182
0.7387759928621751	0.16081739205405238	-0.013326538726687431
0.737434554700028	0.16118571617928257	-0.0134311867877841
0.7376607375109016	0.16158256372161817	-0.013452482409775257
0.7378348695290274	0.161749983778541	-0.013505049049854279
0.736575480716173	0.16188870325427704	-0.013554058037698269
0.7329574518704589	0.16216494634819967	-0.013818097300827503
0.7349878049227316	0.16216494634819967	-0.013792182318866253
0.7370294377141836	0.16216494634819967	-0.013601443730294704
0.7333487536559398	0.16245142066782317	-0.013876978307962418
0.7340813120250168	0.16281974479305336	-0.013887746259570122
0.7344184669431478	0.16313545118610784	-0.013888223096728325
0.7351440995471282	0.16350377531133806	-0.013906902633607388
0.7333356103696935	0.16364847407482136	-0.013987058773636818
0.7335167636023846	0.1639641804678758	-0.0139940045773983
0.7339378262725376	0.16462654486114692	-0.014025306329131126
0.7344638630355076	0.1649457591030131	-0.014030767604708672
0.7343502345429798	0.1655166614971199	-0.014031700789928436
0.7328255684060202	0.16581258002508265	-0.014063517563045025
0.7347955296114127	0.16581258002508265	-0.014036351814866066
0.7334184023261789	0.16618090415031286	-0.014072969555854797
0.7330626199199758	0.16677022275068118	-0.014083572663366795
0.7337725597606142	0.16713096373215666	-0.014095500111579895
0.7344787333421511	0.16749928785738685	-0.014107183553278446
0.7307270006520228	0.1677141435971045	-0.014259284362196922
0.7326550402315796	0.1677141435971045	-0.014139065518975258
0.7345932810787531	0.1677141435971045	-0.01411641389131546
0.7314337539311513	0.16833569055843045	-0.014340732246637344
0.7314228611912078	0.16922580719440344	-0.014472381211817265
0.7310797205614658	0.16949591155290558	-0.014505835250020027
0.7297265180405964	0.16977653945784288	-0.014578092843294144
0.7316268475146604	0.16977653945784288	-0.014555768109858036
0.7304267084083669	0.1701448635830731	-0.014601659961044788
0.730089688489999	0.17028298513003443	-0.014622761867940426
0.7307853336227567	0.17107567259399262	-0.014644565992057323
0.7314774021738549	0.1714439967192228	-0.014655212871730328
0.7302933745412521	0.17175970311227726	-0.01480775699019432
0.7321659216554605	0.17175970311227726	-0.014746075496077538
0.7297058914429325	0.1720871023347041	-0.01482592336833477
0.727186233787554	0.17264981974825022	-0.015005732886493206
0.7290365804384129	0.17264981974825022	-0.01485434826463461
0.7250287275563037	0.17385524415809456	-0.015024423599243164
0.726864243322269	0.17385524415809456	-0.015022681094706059
0.7253615087391414	0.17436894469941938	-0.0152671467512846
0.7254234144960782	0.1751055929498798	-0.015332446433603764
0.7254432388540664	0.17540402993339965	-0.015355980955064297
0.7261296307569312	0.17627573036311112	-0.015360923483967781
0.7264188467978314	0.17647216989656725	-0.015361172147095203
0.7270993969301751	0.17685413565606523	-0.015397057868540287
0.7269494397831193	0.17709968507288534	-0.015481398440897465
0.7273502800036781	0.17725476891508754	-0.01567714661359787
0.7260116007572126	0.17830778792390764	-0.0156844574958086
0.7265222454187302	0.1786300715334841	-0.015719082206487656
0.7228232232436946	0.17925213005609508	-0.015938254073262215
0.7245948487908606	0.17925213005609508	-0.015773830935359
0.7263751801146711	0.17925213005609508	-0.01572236977517605
0.7221688872224794	0.17948233263436394	-0.015945276245474815
0.7227894266048945	0.17985065675959416	-0.016075076535344124
0.7228448753314272	0.17985065675959416	-0.015950404107570648
0.7232405197828268	0.18034335006996702	-0.01607932336628437
0.7209598425790541	0.1806975078826884	-0.01616528443992138
0.7227012914741726	0.1806975078826884	-0.016121799126267433
0.7210964241540511	0.18098398220231185	-0.01622932404279709
0.7208060250553602	0.18120497667744997	-0.016234174370765686
0.7197340663177333	0.18148121977137263	-0.0162653848528862
0.7199256317919154	0.18202287289671118	-0.016293207183480263
0.7198980310812997	0.1826819792260705	-0.016399970278143883
0.7205633564231492	0.18305030335130068	-0.016534075140953064
0.7212255285643265	0.18318423939683895	-0.016863098368048668
0.7210965478033392	0.1837821681715633	-0.016894886270165443
0.7200560934607352	0.18405841126548594	-0.017023965716362
0.7217543389641804	0.18405841126548594	-0.01690785028040409
0.7207132387812499	0.18442673539071616	-0.017114313319325447
0.7206545477628232	0.18506107138416816	-0.017124677076935768
0.7157430044063385	0.1852493259370636	-0.017324700951576233
0.7174114030180083	0.1852493259370636	-0.017302170395851135
0.7190875978848728	0.1852493259370636	-0.017224783077836037
0.7155738956788461	0.1862223693497697	-0.017371419817209244
0.7156009763075355	0.18649024144084622	-0.017401589080691338
0.7161134451844234	0.18683554530824956	-0.017415132373571396
0.7164383977465397	0.187151251701304	-0.017465893179178238
0.7170902634988465	0.18743772602092748	-0.017491411417722702
0.7168217078486198	0.18780605014615767	-0.01760130561888218
0.7138747072256972	0.18790650218031138	-0.01761808805167675
0.7151813835743666	0.18790650218031138	-0.017607280984520912
0.7141890059606087	0.18822193873884185	-0.017682887613773346
0.7148385764016073	0.18837702258104402	-0.017791271209716797
0.7141084597722549	0.19101667881186046	-0.017835963517427444
0.7147552732116841	0.19112717604942955	-0.01784362830221653
0.714319570857786	0.19193628806800586	-0.017865482717752457
0.7149629952477458	0.1924406087933211	-0.017872309312224388
0.7142926664194738	0.1931702413461581	-0.01795918680727482
0.7149332658221207	0.19364380093573974	-0.018042156472802162
0.7148240824500407	0.19422737941987073	-0.018232759088277817
0.7148252868530929	0.19422737941987073	-0.018073320388793945
0.7148041676849876	0.19448737292003326	-0.018248826265335083
0.7154379362012431	0.19485569704526345	-0.018290553241968155
0.7151450213390084	0.1951319401391861	-0.018297342583537102
0.7157752314687894	0.1955002642644163	-0.01850981079041958
0.7164026592138915	0.19586858838964652	-0.018514052033424377
0.7170273229601164	0.1962369125148767	-0.01852278597652912
0.7173562006385923	0.19743093028348016	-0.01867227628827095
0.7164049700012243	0.19812424628391348	-0.018728073686361313
0.7179760335319287	0.19812424628391348	-0.018722185865044594
0.7167122579644155	0.19833471721261645	-0.01877414993941784
0.7162401179688503	0.19856734297591974	-0.01877732388675213
0.7167017077745083	0.19911982916376506	-0.018796807155013084
0.7146813540611986	0.19928645198232156	-0.018893171101808548
0.7162316389940863	0.19928645198232156	-0.018853187561035156
0.7148656275945439	0.1996629610881124	-0.0189144816249609
0.7154801413281763	0.2000312852133426	-0.018949320539832115
0.715136217487805	0.20037914688717115	-0.018999995663762093
0.7151827966461213	0.20065054361102497	-0.019023660570383072
0.715078907716829	0.2008960930278451	-0.01905030943453312
0.7147528844097418	0.20144857921569037	-0.019092321395874023
0.7137138859028669	0.20175874690009477	-0.019216638058423996
0.7152356639111885	0.20175874690009477	-0.019196657463908195
0.7134531538540477	0.20199815758149445	-0.019349314272403717
0.7140602446297807	0.20235174874171544	-0.019424524158239365
0.7140602446297807	0.20235174874171544	-0.019365763291716576
0.7146007028223118	0.20270891152981746	-0.019484110176563263
0.7148072414239525	0.203008174881567	-0.019518185406923294
0.7133044498933598	0.2034700416417763	-0.019590377807617188
0.7148061434720827	0.2034700416417763	-0.019569942727684975
0.7139054887824723	0.20444751720488719	-0.019605882465839386
0.7142425065883666	0.2047698008144636	-0.019771192222833633
0.7148390775558231	0.20507115691692465	-0.019800858572125435
0.7143113679391201	0.20569767997438693	-0.019885359331965446
0.7142123145061213	0.20594322939120704	-0.01996432989835739
0.7147150311547195	0.20640363454774482	-0.020048459991812706
0.7143501170911726	0.20660196292286878	-0.02013380080461502
0.7149403027996618	0.20724922256983763	-0.020135318860411644
0.714703312484611	0.20737199727824768	-0.020231155678629875
0.7144989530255575	0.20779878555033982	-0.02024644985795021
0.7150851974751973	0.20803711292548874	-0.02040473185479641
0.7156690392836497	0.20840543705071896	-0.02062266133725643
0.7162504931910451	0.20964959906836167	-0.020773181691765785
0.7162293337211474	0.21055462406178446	-0.02090362459421158
0.7168072780516542	0.21084928336196862	-0.020928816869854927
0.7164795306482068	0.21159820908327004	-0.020966192707419395
0.7170546228781293	0.2117682048333763	-0.02097899094223976
0.7167072543003489	0.21278144234705	-0.021013816818594933
0.7172795628775198	0.21374829317577923	-0.02102363109588623
0.717681553006127	0.21403007020360312	-0.0210519228130579
0.7175310008730305	0.2146179006256877	-0.02113492041826248
0.7180982076985863	0.2149862247509179	-0.02117435820400715
0.7173271358060708	0.21583541648408752	-0.02121679298579693
0.716725814867792	0.21616690819679468	-0.02129075862467289
0.717291232402986	0.21638790267193284	-0.021310780197381973
0.7171903866545073	0.21701054583601243	-0.021330833435058594
0.7177526324066853	0.21737886996124264	-0.02135542407631874
0.717981959194238	0.21768580673226778	-0.021604537963867188
0.71854041076019	0.21826460178620094	-0.021712863817811012
0.7189084374281776	0.21881118534383423	-0.021719491109251976
0.7192163103326586	0.21913346895341065	-0.021891795098781586
0.7185420578269076	0.21929553156851198	-0.021933546289801598
0.7197690341312164	0.21929553156851198	-0.021906185895204544
0.7187017792821491	0.21947969363112707	-0.022029539570212364
0.7182737914557652	0.22014937385881836	-0.022053297609090805
0.7179225956491359	0.2202782873026489	-0.02206242084503174
0.7184724541371492	0.22049928177778708	-0.022066611796617508
0.7187769824364934	0.22075710866544823	-0.022178558632731438
0.7178667358686555	0.22097810314058633	-0.022179149091243744
0.7161949662355631	0.2211885740692893	-0.02237020432949066
0.7175829409763297	0.2211885740692893	-0.022316595539450645
0.715320377294446	0.22180244761133966	-0.022373322397470474
0.7144559192778221	0.2229565298703943	-0.022453196346759796
0.7146845296894674	0.22326346664141947	-0.022484537214040756
0.7138619835987031	0.22363179076664969	-0.022568130865693092
0.715232160150716	0.22363179076664969	-0.02251400239765644
0.7144090926166788	0.22400011489187988	-0.022617340087890625
0.7147632737376393	0.22433160660458704	-0.022791996598243713
0.7141344206155017	0.22493013330808617	-0.0228701364248991
0.7146778912987422	0.2252524169176626	-0.023099930956959724
0.7152192994746458	0.22556812331071707	-0.023112623021006584
0.7144056159227568	0.22595398668000585	-0.02315894141793251
0.7157586568620045	0.22595398668000585	-0.023151133209466934
0.7143895342944896	0.22626969307306033	-0.023196110501885414
0.714174111442711	0.2270465221371822	-0.02332150936126709
0.7137715285264653	0.22785508128828283	-0.023333050310611725
0.7131828389795114	0.23038073243271848	-0.023337900638580322
0.7133128499470632	0.23068208853517955	-0.0233689583837986
0.7135611508745525	0.23105041266040974	-0.023372096940875053
0.7135625026719613	0.23118195699084912	-0.02338353358209133
0.7134751733684134	0.23142750640766924	-0.023435212671756744
0.7133318433739807	0.23225477408576567	-0.023629674687981606
0.7136870011873163	0.2325880197228787	-0.023671085014939308
0.7136870011873163	0.2325880197228787	-0.02367067150771618
0.7142172104443769	0.23309485890375098	-0.023691516369581223
0.714208022058243	0.23353251462902455	-0.023848330602049828
0.7140497342760626	0.23353251462902455	-0.02376355417072773
0.7145774206082337	0.23353251462902455	-0.02374563179910183
0.7147333749588711	0.23390083875425474	-0.02388666570186615
0.714077245568383	0.23420572928013975	-0.024019446223974228
0.7124946962244402	0.23441291160058172	-0.02408929355442524
0.7137996315655106	0.23441291160058172	-0.024045784026384354
0.712135466416286	0.23474775171442736	-0.024124346673488617
0.7128534484377003	0.23474775171442736	-0.024099478498101234
0.7126588564773473	0.23511607583965757	-0.02413030155003071
0.7117236629920869	0.2354509159535032	-0.024267951026558876
0.7130153574802758	0.2354509159535032	-0.024206554517149925
0.711469964815661	0.23569646537032335	-0.024439912289381027
0.7117651453845859	0.23601874897989975	-0.024453075602650642
0.7113835865640731	0.23635424421570728	-0.024694781750440598
0.7124199112083672	0.23752990505987637	-0.024900369346141815
0.7119026808328428	0.23752990505987637	-0.024870414286851883
0.7129352877115781	0.23778909611096427	-0.024980245158076286
0.7127702686909355	0.23800296173206567	-0.025009192526340485
0.713283178925416	0.2383344534447729	-0.02505946159362793
0.713794260602911	0.23887056967149678	-0.02507728338241577
0.7137416205063147	0.23945673584738192	-0.025093993172049522
0.7142500723349002	0.23982505997261214	-0.025102948769927025
0.7143627101105082	0.24011153429223564	-0.025105485692620277
0.7140353633044824	0.24044302600494286	-0.025154320523142815
0.7120593872570102	0.24099551219278817	-0.025292083621025085
0.7133174427115279	0.24099551219278817	-0.025240479037165642
0.71174472871137	0.241322911415215	-0.025296688079833984
0.7122513284851637	0.241633684895878	-0.025400016456842422
0.7127561507158915	0.2420020090211082	-0.025530420243740082
0.7127561507158915	0.2420020090211082	-0.025512538850307465
0.7132592047426588	0.2423703331463384	-0.025535330176353455
0.7134691245478872	0.24274084967707593	-0.025546256452798843
0.713387444865721	0.24334132961457242	-0.02555268630385399
0.7132334597701363	0.24357153219284128	-0.025674641132354736
0.7133457107579756	0.24385800651246478	-0.02583501487970352
0.7135953585815604	0.2441342496063874	-0.025841103866696358
0.7140917271108819	0.24446007479409104	-0.025871455669403076
0.7145863781020395	0.24482839891932123	-0.026004265993833542
0.714561185739169	0.2450862258069824	-0.02601693570613861
0.7141249396629609	0.24544534182908184	-0.026021622121334076
0.7146169793537304	0.2459869949544204	-0.026023751124739647
0.7144936806655919	0.24619417727486237	-0.026078805327415466
0.7140304744285059	0.2463578768860758	-0.026216626167297363
0.7145201482736626	0.24668936859878293	-0.026225628331303596
0.7150081480202034	0.2469572406898595	-0.026339450851082802
0.7151531853102713	0.24725189999004366	-0.02641328237950802
0.714459044121825	0.24762022411527385	-0.026441475376486778
0.714188800093651	0.24806388726611933	-0.02645907737314701
0.7133214934266668	0.24830943668293945	-0.026505663990974426
0.7141081173543863	0.24830943668293945	-0.02648407220840454
0.7136373623041175	0.24864092839564664	-0.026569608598947525
0.714121082975901	0.24875425889571745	-0.02657286264002323
0.7139899574335532	0.2492390615904649	-0.02658991888165474
0.7140973443364896	0.2495255359100884	-0.026624998077750206
0.7136975008606139	0.24992176337813907	-0.02671627700328827
0.7135486795504451	0.2505560993715911	-0.026728268712759018
0.7140284975076471	0.25078630194986	-0.02673753909766674
0.7129273721866569	0.2508030439555523	-0.026737689971923828
0.7134066253215707	0.2510485933723724	-0.026744669303297997
0.7124212483645811	0.2511836455516235	-0.02675885334610939
0.7128997487832757	0.2513064202600336	-0.026787757873535156
0.7120175534893137	0.25388468913664497	-0.02684985101222992
0.7122187405205641	0.2539997904257794	-0.026862511411309242
0.7123010021453724	0.25435408315576274	-0.026940178126096725
0.7126262747188361	0.2550753845676719	-0.026940390467643738
0.7118256554212674	0.255118716817699	-0.026958037167787552
0.712182732477528	0.25546073207684133	-0.0269927978515625
0.7104596364759597	0.25598252458758414	-0.027081860229372978
0.7116281556149004	0.25598252458758414	-0.02701178379356861
0.7109342928096056	0.25617984108324315	-0.027162965387105942
0.7109982301372495	0.25647450038342734	-0.027177395299077034
0.7111981240967203	0.2567660903159012	-0.027182726189494133
0.7110575072548007	0.2573799638579516	-0.027212005108594894
0.7115280976338645	0.25765620695187424	-0.02725801058113575
0.7119068234010362	0.2589053588371122	-0.027288584038615227
0.7116439876487618	0.2593497724916611	-0.027317985892295837
0.7113910080181407	0.25950324087717364	-0.027344373986124992
0.7111460387495029	0.25997703963826524	-0.027481112629175186
0.7116126848904568	0.26034536376349543	-0.027482645586133003
0.7118296867634624	0.2605836911386444	-0.02754279412329197
0.7117569604831132	0.26123848958349805	-0.0276002436876297
0.7116357493510883	0.2615822587670462	-0.027610424906015396
0.7113495496464048	0.26172958841713834	-0.027621973305940628
0.7115831927673927	0.2620452948101928	-0.0276547409594059
0.7118846596589649	0.2623767865229	-0.02772280015051365
0.7123449078064745	0.2628371916794377	-0.027834918349981308
0.7120062396919506	0.2634638210353488	-0.02786206640303135
0.7121994357009337	0.263770757806374	-0.027881497517228127
0.7119039132109062	0.2644282918730728	-0.027886001393198967
0.7121567270094981	0.26479661599830306	-0.02793918363749981
0.7123612085867619	0.26479661599830306	-0.02791866473853588
0.7118929577348858	0.26574764777806414	-0.027995605021715164
0.7119835387957009	0.2660309740282412	-0.028008950874209404
0.7107101805875011	0.26681439359619125	-0.028035569936037064
0.7118311745631912	0.26681439359619125	-0.028017260134220123
0.7105144207069418	0.2672359200950658	-0.02812463417649269
0.7101839428094426	0.2680503256608525	-0.028125137090682983
0.7104142859353572	0.2682081788573798	-0.02815479412674904
0.7107370596141228	0.2684614016934756	-0.0282871276140213
0.7107984079584757	0.2693184636002612	-0.028469271957874298
0.7108595648883377	0.2699814470256755	-0.028515880927443504
0.7113099393978575	0.2703497711509057	-0.02853449247777462
0.7117589130535373	0.2705953205677259	-0.028754405677318573
0.7118182936233299	0.2707253173178071	-0.028756460174918175
0.7118507106451966	0.27081237574740696	-0.028780411928892136
0.711354508845167	0.27203533326870705	-0.028927339240908623
0.7116460783832733	0.2721203311437601	-0.0289430171251297
0.7120910690030523	0.27229366014386847	-0.02905305288732052
0.71236348475018	0.272747144177138	-0.029071036726236343
0.7112675409274873	0.2727655603833995	-0.029253335669636726
0.7105172314972396	0.2730847746252657	-0.02944294549524784
0.7115062492619563	0.2730847746252657	-0.029313761740922928
0.7109605435470141	0.273336170456772	-0.02946000173687935
0.7097226657210859	0.27484867882010905	-0.029538491740822792
0.7108078685738705	0.27484867882010905	-0.029474278911948204
0.7101651616574867	0.2751433381202932	-0.0295538529753685
0.7103018965712501	0.27526611282870334	-0.029626773670315742
0.710508358500707	0.276585065965986	-0.029710719361901283
0.7107141938385722	0.2768744634929526	-0.02983114868402481
0.710546445060029	0.27712001290977273	-0.029868708923459053
0.7109843475637203	0.2774883370350029	-0.02989080734550953
0.7111188122954971	0.27767249909761804	-0.030005645006895065
0.7113659935740861	0.2781789447698095	-0.030068930238485336
0.7118006833427999	0.27854726889503967	-0.030118051916360855
0.7122340657738634	0.2786823210742908	-0.030184056609869003
0.7115741456641839	0.2788664831369059	-0.030245661735534668
0.7109570929720336	0.27895856416821346	-0.03029506281018257
0.7113897919346504	0.27932688829344365	-0.030430244281888008
0.7094528074811141	0.2793795060256194	-0.030452320352196693
0.7105132750558243	0.2793795060256194	-0.03043925203382969
0.7096148477355115	0.2806423315978372	-0.030475711449980736
0.7099324996333409	0.2807273294728903	-0.030611293390393257
0.7091747990395322	0.28086238165214145	-0.030670929700136185
0.7094414371550356	0.2813622501078109	-0.030775977298617363
0.7082838643178367	0.2815966381875029	-0.030801035463809967
0.7093331737464558	0.2815966381875029	-0.030779561027884483
0.7082483054729297	0.28270161056319354	-0.030939847230911255
0.7086786177067455	0.28286531017440697	-0.031037867069244385
0.7088622034440453	0.28309551275267586	-0.03105948492884636
0.7076981441094079	0.283279674815291	-0.031130677089095116
0.7087388766742746	0.283279674815291	-0.03106604889035225
0.707288867400408	0.2834177963622523	-0.031147433444857597
0.7076537764366159	0.2837294552374471	-0.03124023601412773
0.7072159327322529	0.28388730843397425	-0.031399939209222794
0.7067878858502825	0.28388730843397425	-0.03132300078868866
0.7068097454084034	0.28425563255920444	-0.03142153099179268
0.7066126840197865	0.2843895686047427	-0.03146187961101532
0.7066427131524216	0.28512621685520306	-0.031648553907871246
0.7066066833536782	0.2859795462164136	-0.03171560540795326
0.7061400292975357	0.2862426348772923	-0.03184359520673752
0.7065652969830675	0.2871583857930432	-0.03203553706407547
0.705992724050413	0.2879073115143446	-0.03217359632253647
0.7055289760858603	0.28938060801526544	-0.03221232071518898
0.7059618252365314	0.2899842503316149	-0.032321929931640625
0.7055603071394437	0.2899842503316149	-0.03226348012685776
0.7060250984761341	0.29023924395677425	-0.03241519629955292
0.7060164541454653	0.29049707084443543	-0.032480210065841675
0.7047116860363223	0.2905130849368367	-0.03259563446044922
0.7057213016323629	0.2905130849368367	-0.03257095441222191
0.7049137462650616	0.29078318929533886	-0.03266730159521103
0.7042438181215266	0.290967351357954	-0.03268175572156906
0.7035493807288647	0.2911034711433651	-0.032712675631046295
0.7039710743551395	0.2914472403269133	-0.032747503370046616
0.703918085139673	0.29165771125561624	-0.03278231620788574
0.704180455074069	0.2919851104780431	-0.03282328322529793
0.7041947684723858	0.2923157252285473	-0.03285437822341919
0.7044952944952915	0.2928112088732022	-0.0328800268471241
0.7046301881471343	0.2929094286399303	-0.0331886000931263
0.7042240336739601	0.2930628970254429	-0.03319527953863144
0.704640619542025	0.29406031460253484	-0.033198319375514984
0.7044532608245659	0.29454025209904694	-0.033386413007974625
0.7048683545593629	0.294724414161662	-0.0333879180252552
0.7049316527998125	0.29494540863680013	-0.0334295779466629
0.7042944936222217	0.2950190734618462	-0.033502958714962006
0.7038247405578992	0.2952174018369701	-0.03360510244965553
0.7042383931548853	0.2955290607121649	-0.033690545707941055
0.7046508919092022	0.29583041681462596	-0.0337393693625927
0.7050622416419191	0.29619874093985615	-0.033751845359802246
0.7050088402859035	0.29635659413638343	-0.0338200144469738
0.7041422739536746	0.2964670913739525	-0.033947136253118515
0.7044370373277564	0.2968047218220801	-0.03394760563969612
0.704846404312067	0.29707755450743584	-0.033954136073589325
0.7043837818584824	0.2977472347351271	-0.03396083414554596
0.704792091552048	0.29808691142839494	-0.03397703170776367
0.7044110975341438	0.2983885864262026	-0.0341661274433136
0.704424698934628	0.29890211525464855	-0.03424527868628502
0.7046784323458442	0.2993727516368871	-0.03427910804748535
0.7050840938398747	0.2994955263452972	-0.034285735338926315
0.7053971929338301	0.2998392955288454	-0.03431975096464157
0.7054846361890315	0.3002453964874325	-0.03436660394072533
0.7047130304155009	0.30037694081787186	-0.03449729084968567
0.7056770701287916	0.30037694081787186	-0.03443612530827522
0.7038274131237412	0.30040527344288953	-0.0345158725976944
0.7042309180104936	0.30068058642538487	-0.03451620042324066
0.7037665223999577	0.3008033611337949	-0.0346086248755455
0.704633324924765	0.3008033611337949	-0.03458999842405319
0.7041684674170542	0.3011716852590251	-0.03465430065989494
0.7036159140546264	0.30145815957864863	-0.034828588366508484
0.7045693231522614	0.30145815957864863	-0.034664154052734375
0.7034966825699372	0.3017037089954687	-0.03485030308365822
0.7038968219996674	0.3020720331206989	-0.03488318622112274
0.7040263411074846	0.30225619518331404	-0.03489036485552788
0.703392837732284	0.3030419533171384	-0.03489463031291962
0.7037915032729662	0.3034102774423686	-0.03495397791266441
0.7036138349080744	0.30387682133432686	-0.03496857360005379
0.7029685378401308	0.30446613993469523	-0.035171087831258774
0.7030010735689562	0.3051730246194805	-0.03517932817339897
0.703398130957233	0.3053241319529082	-0.03522451967000961
0.7029725198139195	0.305491552009831	-0.035327326506376266
0.7029685564541677	0.30567571407244615	-0.035538893193006516
0.7031219695856294	0.3058967085475842	-0.03555925935506821
0.7026143985774417	0.30626503267281446	-0.035596780478954315
0.7024781244757453	0.30663335679804465	-0.035660095512866974
0.7028727158225945	0.30680335254815094	-0.03568089008331299
0.7027479779899473	0.3071066782983405	-0.035769056528806686
0.7030394183935015	0.3074866202989086	-0.03577272221446037
0.7029033029134574	0.30800841280965147	-0.03581582009792328
0.70169990806754	0.30858639836001267	-0.03589301183819771
0.7023379958194765	0.30858639836001267	-0.03589259088039398
0.7029811412498574	0.30858639836001267	-0.035871174186468124
0.7011705119833733	0.30890868196958915	-0.0360276959836483
0.7020918924196196	0.30890868196958915	-0.036007557064294815
0.7012983378682336	0.3091353429697308	-0.03618920221924782
0.7015621626885065	0.3091353429697308	-0.03618014231324196
0.7016887975572947	0.3094627421921576	-0.03620106726884842
0.7020782377693608	0.3096714591964547	-0.03621969744563103
0.7022296114074474	0.3101844820851682	-0.036386605352163315
0.7023279814157423	0.3104709564047917	-0.03644010052084923
0.7018047980849025	0.3110766449662814	-0.03648129478096962
0.7021920645808961	0.31144496909151165	-0.0365518294274807
0.7025783264945396	0.3117396283916958	-0.03657054901123047
0.7025749866933807	0.3123841956108486	-0.036593176424503326
0.7019086542397024	0.3124691934859018	-0.0367087721824646
0.7022937851773772	0.312837517611132	-0.036720313131809235
0.7024433181231894	0.31309251123629134	-0.03694656491279602
0.7028267674555049	0.3132625069863975	-0.036964643746614456
0.703209229788252	0.31353875008032017	-0.03701050207018852
0.7035907089273417	0.31390707420555036	-0.03705504164099693
0.7039712086591422	0.31427539833078066	-0.03709263727068901
0.7037524421523144	0.3154607589084064	-0.03709278628230095
0.703384854731718	0.3158929816886955	-0.03716443479061127
0.7032723224563382	0.3162613058139257	-0.03719349578022957
0.7027537706133373	0.3165243944748044	-0.03723616525530815
0.7036512850074795	0.3165243944748044	-0.037197113037109375
0.7031324282303905	0.3168927186000346	-0.037443917244672775
0.703368759605274	0.31722011782246146	-0.03749365732073784
0.7033221241631666	0.3175937037209092	-0.037665724754333496
0.7036986189294571	0.3180725250837085	-0.037668656557798386
0.7040741593363905	0.31844084920893867	-0.03778630867600441
0.7044487490081166	0.3185789707559	-0.037841796875
0.7048223915504578	0.3189585969073819	-0.03786587715148926
0.7050954095302918	0.3196747827064407	-0.03790193796157837
0.7042497441445293	0.31973617006064564	-0.03794467821717262
0.7031968247522521	0.3199203321232607	-0.03802381083369255
0.7040824630705799	0.3199203321232607	-0.03796440735459328
0.7032556227111061	0.32019657521718337	-0.0380987711250782
0.7034349178471697	0.32054239064587176	-0.038114674389362335
0.703806553288464	0.3208995534339737	-0.03819778561592102
0.7039497013046008	0.32144102993329315	-0.038265738636255264
0.7041808752890811	0.3218952963544104	-0.038361433893442154
0.7041934905687274	0.3226088246922481	-0.03836777061223984
0.7045623266153997	0.32297714881747835	-0.03838096186518669
0.7045151340127237	0.32338230535523155	-0.03844137862324715
0.7040417154874294	0.32343897060526694	-0.03846067562699318
0.7026048874092969	0.32380729473049713	-0.038545459508895874
0.7034776885116687	0.32380729473049713	-0.03852543234825134
0.7024101534043963	0.3239454162774585	-0.03875276818871498
0.7027784576699849	0.32420850493833725	-0.03876307234168053
0.7030428435896348	0.32426989229254227	-0.03878317028284073
0.7034094573629809	0.3244947135118386	-0.03878980129957199
0.703239060240837	0.3250208908335961	-0.03881513327360153
0.7032966476050726	0.32515348751867895	-0.038832057267427444
0.7033540933029753	0.32531134071520623	-0.03896702826023102
0.7032271226723819	0.3261584862032357	-0.03901329264044762
0.7032231630126612	0.32622254257284095	-0.039024852216243744
0.7033417620775966	0.32634531728125094	-0.03906838223338127
0.7020295980301372	0.3263862421840544	-0.0392003133893013
0.7028888753839072	0.3263862421840544	-0.039186377078294754
0.7019355447968891	0.32661644476232327	-0.03925403207540512
0.7022990380349416	0.32682106927634	-0.03936767578125
0.7025509160752048	0.32715590939018563	-0.03956196457147598
0.7015186605750896	0.3278111013437201	-0.03965327888727188
0.7023720896025532	0.3278111013437201	-0.03964567929506302
0.7018808952103139	0.32841985927292006	-0.039697352796792984
0.7015149789736955	0.3285250947372716	-0.03972506523132324
0.7018763409846233	0.3288934188625018	-0.03972867131233215
0.7021024746580263	0.3292208180849286	-0.0397678017616272
0.7024622542780045	0.3295891422101588	-0.039851002395153046
0.700785839057128	0.32970553901163846	-0.039949506521224976
0.7016301593451487	0.32970553901163846	-0.03994230180978775
0.7024765165940572	0.32970553901163846	-0.03985882177948952
0.6986263859358964	0.3301021957618864	-0.04013047739863396
0.6994640674538052	0.3301021957618864	-0.040124598890542984
0.7003037602118529	0.3301021957618864	-0.0400775745511055
0.7011454714621076	0.3301021957618864	-0.040065281093120575
0.6981894325236925	0.3303323983401552	-0.040476925671100616
0.6977164267181466	0.33167780451981554	-0.04064420238137245
0.6985500186258147	0.33167780451981554	-0.04049503803253174
0.698076717031951	0.3320461286450458	-0.04070337861776352
0.698266081484464	0.3321842501920071	-0.040706973522901535
0.6975061932398127	0.332669029739185	-0.04087371006608009
0.6983345853933042	0.332669029739185	-0.040868520736694336
0.6983417517346663	0.332669029739185	-0.04073677584528923
0.6978645982241257	0.33293690183026153	-0.040874581784009933
0.6981525412683434	0.33321752973519886	-0.040889300405979156
0.697918318406324	0.3340835636399068	-0.0410563088953495
0.6982055181137407	0.33513635676452314	-0.04124685376882553
0.6980560169973666	0.33534682769322605	-0.04135207459330559
0.6984116636204557	0.3361238162050212	-0.04143521189689636
0.698766473427961	0.3364921403302514	-0.041605133563280106
0.698650414117235	0.3372287885807118	-0.04165276885032654
0.6987693690302429	0.33846919948963095	-0.041667476296424866
0.6988619931905565	0.3387907522973716	-0.041701242327690125
0.6992146138074293	0.33889120433152536	-0.04173857718706131
0.6986031310648888	0.33926371395817867	-0.04176782816648483
0.6994202107503448	0.33926371395817867	-0.04176522046327591
0.6989548193600288	0.339821780814588	-0.04182036221027374
0.6987052781776144	0.34066515935133673	-0.041860513389110565
0.6983396322014069	0.3407879340597468	-0.041890233755111694
0.6982252837918704	0.34100892853488496	-0.042049504816532135
0.6983822037100371	0.3425364267230916	-0.04207202419638634
0.6986547688256094	0.3427708148027836	-0.04209257289767265
0.698066319000653	0.3430386868938601	-0.042251911014318466
0.6988752023366908	0.3430386868938601	-0.04210813716053963
0.6984153752792649	0.3431537881829945	-0.04238748550415039
0.6982824860853318	0.34379835540214737	-0.042627301067113876
0.6983833301448809	0.34406845976064954	-0.042726173996925354
0.69866304574447	0.34441511776086625	-0.04282103478908539
0.698516630929377	0.3448478986080117	-0.04282604902982712
0.6987673780968912	0.34515483537903685	-0.042864397168159485
0.6991132249647478	0.34552315950426704	-0.04302933067083359
0.6991936349925757	0.34598691306194324	-0.043065737932920456
0.6996368009144627	0.34633769794311486	-0.04328446462750435
0.6994836548292176	0.34633769794311486	-0.043280381709337234
0.6998372159991318	0.34657208602280687	-0.04347388073801994
0.6997128688243714	0.3468713493745564	-0.04349898546934128
0.6993426146980039	0.34795790554398554	-0.04350603371858597
0.6993053983562825	0.3482303484683621	-0.04363962262868881
0.6975727222795058	0.35134095588836184	-0.04380648583173752
0.6983654185548235	0.35134095588836184	-0.04379070922732353
0.6991599184621669	0.35134095588836184	-0.04376513510942459
0.6977536407997591	0.35165666228141623	-0.04396488144993782
0.6980959356572906	0.3519022116982363	-0.04405759274959564
0.6981357969668789	0.35206427431333764	-0.0441034734249115
0.6975729316595716	0.35218704902174774	-0.04410696029663086
0.6978116652684105	0.3522437142717832	-0.04415540769696236
0.6981523511023808	0.3526120383970134	-0.04420476406812668
0.6984922696259144	0.3530622123278503	-0.044277746230363846
0.6976588963011028	0.3535172228381093	-0.04474717006087303
0.6980462195818112	0.3535172228381093	-0.04456112161278725
0.6988314234283599	0.3535172228381093	-0.04451824352145195
0.6973335022552578	0.35365079092747853	-0.044780462980270386
0.6976724345035722	0.3539208952859807	-0.0448354072868824
0.6977309664560292	0.3543515760394297	-0.044858161360025406
0.6973838891462386	0.35447435074783973	-0.044864676892757416
0.6977216303413881	0.3548426748730699	-0.044917378574609756
0.6980586184903943	0.35525192390110355	-0.045046575367450714
0.6974900676902936	0.35527494415893046	-0.04505472257733345
0.6974789552679463	0.35556434168589707	-0.045069873332977295
0.6973575734222236	0.3561555173826951	-0.045080311596393585
0.6976934695671491	0.3565238415079253	-0.0451950766146183
0.6980286209312654	0.35681850080810945	-0.045416656881570816
0.6964117978005232	0.3573095996417498	-0.045814353972673416
0.6971813135991979	0.3573095996417498	-0.04567034915089607
0.6972888150522945	0.3573095996417498	-0.045574042946100235
0.6972888150522945	0.3573095996417498	-0.04553821310400963
0.6980610064310898	0.3573095996417498	-0.04552203789353371
0.6967465146717464	0.3575551490585699	-0.04612158238887787
0.6968602299639581	0.3582917973090303	-0.046122629195451736
0.696753673055307	0.3583979613215966	-0.046165261417627335
0.6968050114169839	0.35852073603000667	-0.046272311359643936
0.696527996524588	0.3588153953301908	-0.04627750813961029
0.6948572262952951	0.35928895491977253	-0.04640844836831093
0.6956182966417302	0.35928895491977253	-0.04635235294699669
0.696381036002083	0.35928895491977253	-0.046334102749824524
0.6951907156654641	0.3595345043365926	-0.046533066779375076
0.6951595758739808	0.35978005375341277	-0.04657822474837303
0.6950246456619356	0.3599905246821158	-0.04663442447781563
0.6946306464110331	0.36040572642328433	-0.04665495455265045
0.6944793133415493	0.36086613157982206	-0.04683356732130051
0.6946859829842382	0.361076602508525	-0.04685740917921066
0.6949536165212675	0.3614232605087417	-0.04697250947356224
0.6949536165212675	0.3614232605087417	-0.04691856727004051
0.6952844694317651	0.36208975178296776	-0.04703991115093231
0.6945311818159127	0.3621232357943524	-0.04716750606894493
0.6942868298875404	0.3637600351521463	-0.047257594764232635
0.6938344787946518	0.36522412354993633	-0.047274984419345856
0.6941651111069685	0.36548195043759746	-0.04727756977081299
0.6936320311597118	0.3656661125002126	-0.047355860471725464
0.6936388931951001	0.36601908978689146	-0.04764719679951668
0.6939686683369783	0.3667747123104698	-0.04768143594264984
0.6941633256828527	0.3670611866300933	-0.047700945287942886
0.6944918290924307	0.36729381239339653	-0.047729477286338806
0.6939942726564616	0.3673981708955451	-0.047889504581689835
0.6937220387093486	0.3675721017324594	-0.047976598143577576
0.6932513695581549	0.36904539823338023	-0.04810306429862976
0.6939936087118574	0.36904539823338023	-0.047982413321733475
0.6935790924539261	0.36943046436430277	-0.048295408487319946
0.6933239871840131	0.3696350888783195	-0.048327554017305374
0.6929046652360558	0.3698696200520772	-0.04836364462971687
0.6927833049625574	0.3702379441773074	-0.048446398228406906
0.6931101312338738	0.3704589386524455	-0.04845670610666275
0.6930567274205084	0.3718637789523135	-0.048460815101861954
0.6929402482335792	0.3725574560548303	-0.04852742329239845
0.6929402482335792	0.3725574560548303	-0.04851550981402397
0.6932658683308925	0.37310468046945805	-0.04856710880994797
0.6931368033977334	0.3731222197135166	-0.048682838678359985
0.6926882255838	0.3735909958729005	-0.04882511496543884
0.6911198378481217	0.3740207073523358	-0.049130309373140335
0.6918488672129404	0.3740207073523358	-0.049120668321847916
0.6925794362385085	0.3740207073523358	-0.04900280013680458
0.6928887168264984	0.3740207073523358	-0.04895099624991417
0.6914449748609133	0.3743660112197391	-0.049253400415182114
0.6907179033836673	0.3744396760447851	-0.04934259131550789
0.6898057695386223	0.3748705036579331	-0.04992552474141121
0.6905295951100163	0.3748705036579331	-0.04960930719971657
0.6907066450817937	0.3748705036579331	-0.04949004948139191
0.6901305802511473	0.37517744042895834	-0.050131116062402725
0.6897075506543513	0.3752511052540043	-0.05018550157546997
0.6900317851886728	0.3755733888635807	-0.05037597194314003
0.6885927199432323	0.37575755092619584	-0.05078583210706711
0.6893115014880583	0.37575755092619584	-0.050752192735672
0.6883736577442524	0.37623944165670536	-0.05110061913728714
0.688917102526625	0.37623944165670536	-0.0510374940931797
0.6883510933044628	0.37642828085106944	-0.0511552132666111
0.6880027964022469	0.3768702698013457	-0.05117509886622429
0.6876625445387592	0.37795887221591495	-0.051227036863565445
0.6875544313665256	0.37853182085516196	-0.05124462768435478
0.6868426772967879	0.3785581297212498	-0.051277805119752884
0.6865755922412292	0.3798128602577483	-0.051305606961250305
0.6866698093750478	0.3804699839811704	-0.05137529596686363
0.6869931635449394	0.38067460849518714	-0.05138063430786133
0.6873158510052024	0.3808501041077968	-0.05153965950012207
0.6874794328745625	0.38112020846629907	-0.051573339849710464
0.6870807914827162	0.3812429831747091	-0.051619019359350204
0.686888519343474	0.3814271452373242	-0.0518450066447258
0.6869166478803754	0.38169023389820284	-0.0519198402762413
0.6870326308056263	0.38196384610551665	-0.052004702389240265
0.6865225453121669	0.3830417123767532	-0.05203432962298393
0.6863316317550409	0.38325656811647074	-0.05208056792616844
0.6863115244287746	0.3843999075885396	-0.052126381546258926
0.6861552647851634	0.3856685795754437	-0.052182067185640335
0.6859653104333417	0.38628468538491967	-0.05239293724298477
0.6836350771225728	0.3864688474475348	-0.05298197269439697
0.6843291228861489	0.3864688474475348	-0.05297697335481644
0.6850245793118462	0.3864688474475348	-0.052755896002054214
0.6857214507048389	0.3864688474475348	-0.05270187556743622
0.6864197413878378	0.3864688474475348	-0.052681099623441696
0.686285427344215	0.3864688474475348	-0.05264206603169441
0.6837867470883384	0.3869862551472629	-0.052986759692430496
0.6841068009880467	0.3873545792724931	-0.05330795422196388
0.683976819951209	0.3875080476580057	-0.05337631702423096
0.6842960352845915	0.3875489725608091	-0.053557202219963074
0.6836364522641445	0.3878120612216878	-0.053645212203264236
0.6843262973219286	0.3878120612216878	-0.053567588329315186
0.6838291647996286	0.3880883043156105	-0.053656987845897675
0.6834596589407349	0.3884315154323022	-0.053760282695293427
0.6841472441106955	0.3884315154323022	-0.053726937621831894
0.6837774705281439	0.38870161979080436	-0.05382351577281952
0.6830916355526894	0.38880685525515585	-0.05382613465189934
0.6821645251712025	0.38903194222057425	-0.05395081266760826
0.6828480567595504	0.38903194222057425	-0.05389939993619919
0.682020822184493	0.38928976910823543	-0.05395536497235298
0.6816575071701527	0.3896580932334656	-0.05412628501653671
0.6823384837007922	0.3896580932334656	-0.05400770157575607
0.6815914325023704	0.3897984071859342	-0.05417743697762489
0.6814558379933587	0.3904298199720433	-0.05431556701660156
0.6814742898958529	0.39054681704711647	-0.05448764190077782
0.6814181524307475	0.39088165716096196	-0.0550098679959774
0.6814181524307475	0.39088165716096196	-0.05488584190607071
0.6817345197073804	0.3911348799970577	-0.055139873176813126
0.681076968627683	0.39128381105638993	-0.05517079681158066
0.6817526402235438	0.39128381105638993	-0.05514785274863243
0.6808316778996688	0.392500596112954	-0.05526956915855408
0.680707764821188	0.3925975235143304	-0.05545741319656372
0.6796800298167861	0.3928185179894686	-0.0565984770655632
0.6803509873980464	0.3928185179894686	-0.056491319090127945
0.6803509873980464	0.3928185179894686	-0.05648384988307953
0.6810232709824319	0.3928185179894686	-0.05614815279841423
0.6810232709824319	0.3928185179894686	-0.055803291499614716
0.6798314123818269	0.39324822946890386	-0.056723855435848236
0.679540845425364	0.39343239153151904	-0.05673805996775627
0.6796592910050835	0.3937270508317032	-0.056782063096761703
0.6797283879687327	0.39400329392562583	-0.056949008256196976
0.6800426878824042	0.394371618050856	-0.05699780583381653
0.6802672449620203	0.3949366607429705	-0.057046856731176376
0.6804715756612632	0.39526405996539726	-0.057068727910518646
0.6804284172079387	0.39629736367825896	-0.05708884447813034
0.6800076660669729	0.3963499814104347	-0.0571335144340992
0.6803184525025215	0.396488102957396	-0.05733153969049454
0.6803201585805794	0.396488102957396	-0.057294465601444244
0.6799672968014456	0.39658632272412414	-0.05740298703312874
0.6806300329581721	0.39658632272412414	-0.057388223707675934
0.6802786126605881	0.39698753293196415	-0.057450227439403534
0.6795124683364205	0.3972638531307761	-0.05760808661580086
0.680172830307593	0.3972638531307761	-0.05753995105624199
0.679823319482554	0.3976321772560063	-0.05770533159375191
0.6788701281573215	0.3981746289724912	-0.057802628725767136
0.6795279480489469	0.3981746289724912	-0.05777943879365921
0.6786092198216673	0.3984759850749523	-0.05783665552735329
0.6788392270166866	0.3988443092001825	-0.057857904583215714
0.6784943104747065	0.39925985436710887	-0.05797882378101349
0.6791492277628095	0.39925985436710887	-0.05796414986252785
0.6787352325537978	0.39937035160467793	-0.05802099406719208
0.6785861221507715	0.400253891024129	-0.05802469700574875
0.6788951739563958	0.40047055227426437	-0.05812101438641548
0.6792036320025472	0.40070075485253326	-0.058377671986818314
0.6794155287088788	0.4007677228753024	-0.058384474366903305
0.6797228963707111	0.4011109339919942	-0.05842035263776779
0.6791250349331487	0.40112767599768645	-0.05856647714972496
0.6794320923159878	0.40133025426656305	-0.05859552323818207
0.6796190597229514	0.40227737344572645	-0.05862724035978317
0.6799250587107996	0.4026489003894369	-0.05900537595152855
0.6790735968892982	0.4027449849438448	-0.05913195759057999
0.6797215678786964	0.4027449849438448	-0.059080056846141815
0.6793792410827371	0.4030606913368993	-0.05925244465470314
0.6792765287424383	0.4032243909481127	-0.059286706149578094
0.6788209426885006	0.40333488818568175	-0.059747666120529175
0.6788600491057004	0.40356350315996253	-0.05985817685723305
0.6786903526644237	0.4037476652225776	-0.05988948792219162
0.6782730098247814	0.40408529567070534	-0.05996289476752281
0.6789159226303025	0.40408529567070534	-0.05988991633057594
0.6781043504020522	0.40420807037911544	-0.06033122539520264
0.6776330889821643	0.40436592357564266	-0.06084328517317772
0.678273573943395	0.40436592357564266	-0.06076662987470627
0.6777013596529359	0.40515638541582827	-0.06107398867607117
0.6777695016325278	0.4054136276620208	-0.06117519736289978
0.6780729201808964	0.405831061670615	-0.06121602654457092
0.6776762285396408	0.40585737053670284	-0.061472319066524506
0.6775073982211054	0.40585737053670284	-0.061329666525125504
0.6776658909228587	0.4067700652621464	-0.06152137741446495
0.6770787035373129	0.4068621462934539	-0.061735618859529495
0.6771470458957597	0.40698492100186395	-0.06181760132312775
0.6772332666104928	0.4071690830644791	-0.06189589202404022
0.6770920902988588	0.4075629852539614	-0.06204326078295708
0.6765966143242248	0.4078852688635378	-0.06221708282828331
0.6772289476086399	0.4078852688635378	-0.062118299305438995
0.6765484831541462	0.4080387372490505	-0.06231721118092537
0.6768499291157919	0.40850177329219695	-0.06237209588289261
0.6749798128454308	0.40879643259238113	-0.06296852976083755
0.6755776137572334	0.40879643259238113	-0.06266079097986221
0.6762060580491005	0.40879643259238113	-0.06265683472156525
0.6764059347683842	0.40879643259238113	-0.06264424324035645
0.6746554758429371	0.4091647567176113	-0.06346571445465088
0.675281315801975	0.4091647567176113	-0.06337567418813705
0.6749567207727121	0.4093949592958802	-0.06346742808818817
0.6739719490698944	0.40961595377101834	-0.06402449309825897
0.6737480609540302	0.40961595377101834	-0.0639929473400116
0.6737795553412087	0.40961595377101834	-0.06385638564825058
0.6744022721206369	0.40961595377101834	-0.06384573131799698
0.6750261410125153	0.40961595377101834	-0.06351224333047867
0.6742721590615428	0.4100834420838104	-0.06415832787752151
0.673722026416209	0.4102412952803377	-0.06435610353946686
0.6743418258885331	0.4102412952803377	-0.06419748812913895
0.6737155476652913	0.4103149601053837	-0.0644107386469841
0.6735316015534096	0.4105254310340866	-0.06453581154346466
0.6736641865365703	0.41148874028468874	-0.06456521153450012
0.6736648368957773	0.4118570644099189	-0.0647796243429184
0.6739630288565919	0.4118570644099189	-0.06469603627920151
0.6736584400308512	0.4119703949099897	-0.06494931876659393
0.6738803653519799	0.41230802535811745	-0.06549479067325592
0.6730424534995345	0.41282155418656347	-0.06604970991611481
0.6736565433293699	0.41282155418656347	-0.06581445038318634
0.673112542339699	0.4128865525616041	-0.06612027436494827
0.6730915118189168	0.41391259833903105	-0.06612815707921982
0.6730099134748391	0.41412745407874874	-0.06628166884183884
0.6723556305102749	0.41461687871181974	-0.06631961464881897
0.6729663077405295	0.41461687871181974	-0.06630391627550125
0.6720482666869051	0.4147089597431273	-0.06646294891834259
0.6721188751409931	0.41477395811816786	-0.06663738936185837
0.6719869266471765	0.41647044964991065	-0.06673409044742584
0.6719869266471765	0.41647044964991065	-0.06664320081472397
0.6721543370725794	0.4166283028464378	-0.0667559877038002
0.6724504939496594	0.41667807637687426	-0.06680957227945328
0.6716886355295517	0.4172817186932237	-0.06703689694404602
0.6722948527096325	0.4172817186932237	-0.06697315722703934
0.6719844115335791	0.4178078960149812	-0.06728445738554001
0.671929620084054	0.41872748389589504	-0.06738770753145218
0.6720447912890144	0.418937954824598	-0.06754907220602036
0.6712122752065087	0.41897478723712095	-0.06766809523105621
0.671440977460363	0.41897478723712095	-0.06764381378889084
0.6709054431720884	0.4192817240081462	-0.06794910132884979
0.6715071520897316	0.4192817240081462	-0.0678764060139656
0.6706032300030296	0.4196347012948251	-0.06799529492855072
0.6700302126124968	0.4196960886490301	-0.06850461661815643
0.6700302126124968	0.4196960886490301	-0.06845193356275558
0.6703611877579463	0.4196960886490301	-0.06819718331098557
0.6698783999226643	0.4200117950420846	-0.0687875896692276
0.6701728884151508	0.4202554556172368	-0.06903212517499924
0.670244035573426	0.42048262695658684	-0.06923050433397293
0.6702408500267593	0.4211464873442042	-0.06936456263065338
0.66978054957591	0.4220189568744573	-0.06980183720588684
0.670375910064422	0.4220189568744573	-0.06964689493179321
0.6704533500793074	0.4220189568744573	-0.0696367621421814
0.669693280739932	0.42213228737452807	-0.06990215182304382
0.6693926726252465	0.42260292375676667	-0.07024761289358139
0.669986105845659	0.42260292375676667	-0.07013649493455887
0.6695746260123038	0.4227870858193818	-0.07027848809957504
0.6698667793049543	0.4230549579104582	-0.07036987692117691
0.6700431913527337	0.4233618946814834	-0.07047062367200851
0.6695253538787537	0.42341451241365907	-0.07047873735427856
0.668688206901777	0.42363455020275764	-0.07059209793806076
0.669277879041902	0.42363455020275764	-0.07054755091667175
0.6688541000798061	0.4241081097923393	-0.0709792971611023
0.6683620698316673	0.42441750205753276	-0.0712897777557373
0.6689498992686345	0.42441750205753276	-0.07104935497045517
0.668066697779331	0.42472443882855787	-0.07185244560241699
0.6686532357053885	0.42472443882855787	-0.07163993269205093
0.6678707098272408	0.4252330769062567	-0.07222739607095718
0.6670457067529039	0.42525412399912704	-0.0723084956407547
0.6667941759149402	0.42525412399912704	-0.07230520248413086
0.6673780587309778	0.42525412399912704	-0.07226245850324631
0.6669139017970132	0.42548078499926867	-0.07234404981136322
0.6666228575044292	0.4256854095132855	-0.07264518737792969
0.6672045528425656	0.4256854095132855	-0.07252181321382523
0.6669132557121779	0.42601755894764487	-0.07272829860448837
0.6670290840361881	0.4262775524478073	-0.07287129014730453
0.6667968848326784	0.42657221174799154	-0.0729186162352562
0.6669777737250913	0.42699753841641214	-0.07293480634689331
0.6667845001463063	0.42728401273603556	-0.07366225868463516
0.6670739542841648	0.42728401273603556	-0.07344913482666016
0.6656572239540773	0.4275050072111736	-0.07470551133155823
0.6661493754707283	0.4275050072111736	-0.07434412091970444
0.6667266279624707	0.4275050072111736	-0.07377928495407104
0.6655140457138405	0.4277812503050963	-0.07472778856754303
0.665515041068722	0.4280267997219165	-0.07488864660263062
0.6650873536240999	0.42819049933312986	-0.07528389990329742
0.6656607047910172	0.42819049933312986	-0.07514171302318573
0.6653722325777222	0.42819049933312986	-0.07509806752204895
0.6647381039731836	0.42820651342553123	-0.0754094272851944
0.6646681084696239	0.4286362249049665	-0.07567378133535385
0.6642137426181739	0.42919382670566214	-0.07589177787303925
0.6647843729812479	0.42919382670566214	-0.07583588361740112
0.6645017239709886	0.4295259761400215	-0.07610505819320679
0.6641159347596045	0.42953913057306553	-0.07644099742174149
0.6642608126693423	0.42970655062998836	-0.07663434743881226
0.6638945548699074	0.43011170716774155	-0.07713592797517776
0.6644624715122256	0.43011170716774155	-0.0770811140537262
0.6632604475959105	0.4301786751905106	-0.07723205536603928
0.6636560585673844	0.4301786751905106	-0.07721518725156784
0.6628606366606048	0.430494381583565	-0.07774738222360611
0.6634257352425832	0.430494381583565	-0.0775604248046875
0.6629347978208937	0.43056804640861107	-0.07793843001127243
0.6632214178907738	0.4309732029463643	-0.07850906997919083
0.663507550925701	0.43113690255757775	-0.07872910797595978
0.6637931981660018	0.43150522668280794	-0.07898155599832535
0.6639087255636558	0.43229449266544406	-0.07899193465709686
0.6636055167283278	0.4325860825979179	-0.08063001930713654
0.6641674180972764	0.4325860825979179	-0.08010333776473999
0.663882814214308	0.4325860825979179	-0.08005668967962265
0.6637119141649146	0.4328930193689431	-0.08070173859596252
0.663640322487766	0.43351397606724784	-0.08082535117864609
0.6637407177393817	0.43433774713963774	-0.08085981756448746
0.6634219770715696	0.4345482180683407	-0.08086878061294556
0.6635370385904645	0.4350147619602989	-0.08101614564657211
0.6632619552623057	0.43522194428074096	-0.08157789707183838
0.663820256571449	0.43522194428074096	-0.08156221359968185
0.66317144568272	0.43559026840597115	-0.08159181475639343
0.6624807658267529	0.43563937828933513	-0.08206605911254883
0.6627438006014131	0.43563937828933513	-0.08201314508914948
0.662208603739941	0.4360077024145653	-0.08282382786273956
0.6627636822007456	0.4360077024145653	-0.08270032703876495
0.662036094955272	0.4361554939130904	-0.08293431997299194
0.6620986417866331	0.43668141826498164	-0.08302634954452515
0.6623809319772875	0.43698835503600675	-0.08319985121488571
0.6625584103312298	0.4372748293556303	-0.0832136943936348
0.6626313390965914	0.43755107244955294	-0.08366403728723526
0.6627164012159718	0.43780308369313153	-0.08385062962770462
0.6624456584518854	0.4381345754058387	-0.08405504375696182
0.6629972368519286	0.4381345754058387	-0.08398444205522537
0.6625080410790418	0.4383555698809768	-0.08438172936439514
0.6627262522520085	0.4383555698809768	-0.08416833728551865
0.6623354580196777	0.4385397319435919	-0.0849255919456482
0.6622929834368348	0.43870179455869324	-0.08495719730854034
0.6617442734257024	0.43879387559000077	-0.08499498665332794
0.6617207544355597	0.4391119736981542	-0.08664267510175705
0.6611077857151225	0.4400748781969703	-0.08801452815532684
0.6611582880173664	0.4400748781969703	-0.08789065480232239
0.6617051517791673	0.4400748781969703	-0.08722914755344391
0.6617051517791673	0.4400748781969703	-0.08699159324169159
0.6607915068306858	0.440535283353508	-0.08804140239953995
0.6610711510954584	0.44087012346735366	-0.08856722712516785
0.660340813899166	0.44111567288417386	-0.08903888612985611
0.6608847519666282	0.44111567288417386	-0.08887427300214767
0.6604830774842271	0.4412520892268517	-0.08919952064752579
0.6593133533850497	0.4413134765810568	-0.08965769410133362
0.6598546615569586	0.4413134765810568	-0.08949711173772812
0.6603968593068	0.4413134765810568	-0.08947699517011642
0.658445094661262	0.44158971967497945	-0.09109316021203995
0.6589843617330566	0.44158971967497945	-0.09075501561164856
0.6591827686691604	0.44158971967497945	-0.09071746468544006
0.6583973063581865	0.4418613587173368	-0.09151898324489594
0.6579346168784181	0.44213760181125944	-0.09216637164354324
0.6584721451601816	0.44213760181125944	-0.09212286025285721
0.6580323682331485	0.4423217638738745	-0.09218752384185791
0.6581480712745232	0.4423887318966437	-0.09285574406385422
0.658426452323974	0.44259591421708566	-0.09313613921403885
0.6554395375495891	0.4426809120921387	-0.0955943763256073
0.6559711186830438	0.4426809120921387	-0.09528303146362305
0.6565035627728839	0.4426809120921387	-0.09503300487995148
0.6570368719221714	0.4426809120921387	-0.09502315521240234
0.6575710482408073	0.4426809120921387	-0.09385856240987778
0.6581060938455597	0.4426809120921387	-0.09363284707069397
0.6556285653644387	0.44290568425061244	-0.09603691846132278
0.6559071830300014	0.4430720241781357	-0.09694749116897583
0.654884001795869	0.4435794929728973	-0.09780822694301605
0.6554129872577398	0.4435794929728973	-0.09739556163549423
0.6559428279911736	0.4435794929728973	-0.09728077054023743
0.6542890465725305	0.4439478170981275	-0.09907568991184235
0.6548166990294438	0.4439478170981275	-0.09902600198984146
0.6540719180202301	0.4443161412233577	-0.09932979196310043
0.6541609655145053	0.444745852702793	-0.09998390823602676
0.654350218971139	0.444745852702793	-0.09978542476892471
0.6542546782597415	0.44506756495820693	-0.0999852791428566
0.653483232719053	0.4453131143750271	-0.10119020193815231
0.65400727701153	0.4453131143750271	-0.10068432241678238
0.6545321624665955	0.4453131143750271	-0.10011875629425049
0.6537606680811674	0.4455095539084832	-0.10126342624425888
0.6533709928800359	0.44555559442413695	-0.10148873180150986
0.6536480744204993	0.4457230144810598	-0.10332228988409042
0.6536584726571176	0.4457564984924443	-0.10392012447118759
0.6539348824953801	0.44593096781492175	-0.1053958460688591
0.6533310022045508	0.44602304884622934	-0.10567650198936462
0.6538519998139644	0.44602304884622934	-0.10566414147615433
0.6531230277342477	0.4460598812587523	-0.10589013248682022
0.653607012553114	0.4460598812587523	-0.10577519237995148
0.6530807995722967	0.44631101134413653	-0.10597396641969681
0.6533563509626285	0.44667933546936683	-0.10703061521053314
0.6530627706569844	0.4477663638492129	-0.1074029877781868
0.6534047076001864	0.4477663638492129	-0.1072981208562851
0.6529980842867559	0.4479812195889305	-0.10743638873100281
0.6525977708622515	0.4481193411358918	-0.10789704322814941
0.6531144753522453	0.4481193411358918	-0.1076970100402832
0.6528723971303445	0.44848766526112205	-0.1079646646976471
0.6522035640909385	0.4487780746675536	-0.10852286964654922
0.6527187327829534	0.4487780746675536	-0.10841365903615952
0.6521398614153373	0.44925689603035285	-0.10931110382080078
0.6516049954918486	0.4494042256804449	-0.11127853393554688
0.6521184746057114	0.4494042256804449	-0.11104170233011246
0.6515512805727625	0.44961908142016255	-0.11178950220346451
0.6513535201320606	0.4498584921015622	-0.11180730164051056
0.6512907354119478	0.44988151235938906	-0.11221697181463242
0.651564447550557	0.45019721875244356	-0.11251718550920486
0.6518377303367918	0.4502822166274967	-0.11303968727588654
0.6515999265304695	0.4505686909471202	-0.11568956822156906
0.6521105847801015	0.4505686909471202	-0.11503826081752777
0.6513628664420716	0.450736111004043	-0.1165817454457283
0.6518725400464863	0.450736111004043	-0.11576730757951736
0.6514778346443478	0.4510123540979656	-0.11799024790525436
0.6514399267026637	0.4510123540979656	-0.11765360832214355
0.6517496928076517	0.45138067822319583	-0.11875919252634048
0.6495023130398156	0.45151879977015713	-0.12227359414100647
0.6499514767862113	0.45151879977015713	-0.1221039891242981
0.6504568822891555	0.45151879977015713	-0.12143746763467789
0.6509630744154505	0.45151879977015713	-0.12100398540496826
0.650994111770049	0.45151879977015713	-0.12031500786542892
0.6515015117012805	0.45151879977015713	-0.12029961496591568
0.6497742274594899	0.45183450616321164	-0.1223878264427185
0.6497011897293319	0.4522693332554973	-0.12277904152870178
0.6497408545677147	0.4533129182769828	-0.12322431057691574
0.6496908585493429	0.4533129182769828	-0.12306404113769531
0.6495094158434987	0.453681242402213	-0.12374819070100784
0.6500117433112818	0.453681242402213	-0.12323769181966782
0.6474761760206059	0.45400279520995374	-0.12735481560230255
0.6478558914222786	0.45400279520995374	-0.12625481188297272
0.6478414104559627	0.45400279520995374	-0.1258140504360199
0.6483218411078991	0.45400279520995374	-0.125578835606575
0.6484361987340423	0.45400279520995374	-0.12536673247814178
0.6489279619189366	0.45400279520995374	-0.12527939677238464
0.649429064592233	0.45400279520995374	-0.12394072860479355
0.6476072863448464	0.45448444983525477	-0.12856332957744598
0.6478265695735406	0.45492030005011047	-0.12921133637428284
0.6475488761043234	0.455012381081418	-0.12934821844100952
0.6461431571800863	0.4553228257012549	-0.1318894773721695
0.6466375283791529	0.4553228257012549	-0.13171084225177765
0.6468124561817543	0.4553228257012549	-0.1308405101299286
0.6473080979106292	0.4553228257012549	-0.1304311752319336
0.6454620225889717	0.4554833772430219	-0.13435402512550354
0.6456495413228058	0.4554833772430219	-0.13189072906970978
0.6454273452262037	0.45560615195143195	-0.13464181125164032
0.6451714228246217	0.4556619586370728	-0.13870000839233398
0.6456627948145871	0.4556619586370728	-0.13682621717453003
0.6456975987740495	0.4556619586370728	-0.1350243240594864
0.6445708583522438	0.4557156725720023	-0.14358745515346527
0.6450610263053634	0.4557156725720023	-0.13915316760540009
0.6447563693853013	0.4563377310946133	-0.14405038952827454
0.644375565723292	0.45644296655896477	-0.1442277580499649
0.6439363639665173	0.45663828995870803	-0.15056906640529633
0.6436666187877041	0.45663828995870803	-0.14960883557796478
0.6441546147079374	0.45663828995870803	-0.14565323293209076
0.6437775620389624	0.45678561960880015	-0.1518116146326065
0.6436762003023975	0.45678561960880015	-0.15084101259708405
0.6409898986107216	0.4569083943172102	-0.16679194569587708
0.6414722085419562	0.4569083943172102	-0.1650901436805725
0.6419552448435691	0.4569083943172102	-0.16244220733642578
0.642339398074012	0.4569083943172102	-0.16136907041072845
0.6428238169262548	0.4569083943172102	-0.16022615134716034
0.6433089669767652	0.4569083943172102	-0.15472377836704254
0.6437948498823367	0.4569083943172102	-0.15251877903938293
0.6403725169934432	0.4571188652459131	-0.17037002742290497
0.6407782020662611	0.4571188652459131	-0.16731908917427063
0.6412596282135685	0.4571188652459131	-0.16718654334545135
0.6399674401441228	0.4571787179162631	-0.17231164872646332
0.6384949491186018	0.4572773761640927	-0.20707213878631592
0.6388224285428875	0.4572773761640927	-0.20080217719078064
0.6390507462523116	0.4572773761640927	-0.1999184489250183
0.6395287198845123	0.4572773761640927	-0.19139324128627777
0.6400074090461025	0.4572773761640927	-0.18430262804031372
0.6399874395647388	0.4572773761640927	-0.1725347638130188
0.6377296809380971	0.45742470581418476	-0.23276351392269135
0.6382052437128459	0.45742470581418476	-0.2154918760061264
