Precision	Recall
1.0	0.0
1.0	0.0004264392324093817
1.0	0.0008528784648187634
1.0	0.001279317697228145
1.0	0.0017057569296375268
1.0	0.0021321961620469083
1.0	0.00255863539445629
1.0	0.002985074626865672
1.0	0.0034115138592750536
1.0	0.0038379530916844355
1.0	0.0042643923240938165
1.0	0.004690831556503199
1.0	0.00511727078891258
1.0	0.005543710021321962
1.0	0.005970149253731344
1.0	0.006396588486140725
1.0	0.006823027718550107
1.0	0.007249466950959489
1.0	0.007675906183368871
1.0	0.008102345415778252
1.0	0.008528784648187633
1.0	0.008955223880597015
1.0	0.009381663113006398
1.0	0.009808102345415778
1.0	0.01023454157782516
1.0	0.010660980810234543
1.0	0.011087420042643924
1.0	0.011513859275053304
1.0	0.011940298507462688
1.0	0.012366737739872069
1.0	0.01279317697228145
1.0	0.013219616204690834
1.0	0.013646055437100214
1.0	0.014072494669509595
1.0	0.014498933901918977
1.0	0.014925373134328358
1.0	0.015351812366737742
1.0	0.01577825159914712
1.0	0.016204690831556505
0.975	0.016631130063965886
1.0	0.016631130063965886
0.975609756097561	0.017057569296375266
0.9761904761904762	0.017484008528784647
0.9767441860465116	0.01791044776119403
0.9772727272727273	0.01833688699360341
0.9361702127659575	0.018763326226012796
0.9565217391304348	0.018763326226012796
0.9375	0.019189765458422176
0.9387755102040817	0.019616204690831557
0.9411764705882353	0.02046908315565032
0.9423076923076923	0.020895522388059702
0.9433962264150944	0.021321961620469086
0.9444444444444444	0.021748400852878467
0.9454545454545454	0.022174840085287847
0.9464285714285714	0.022601279317697228
0.9473684210526315	0.02302771855010661
0.9482758620689655	0.023454157782515993
0.9491525423728814	0.023880597014925377
0.95	0.024307036247334754
0.9508196721311475	0.024733475479744138
0.9516129032258065	0.025159914712153522
0.9523809523809523	0.0255863539445629
0.953125	0.026012793176972283
0.9538461538461539	0.026439232409381667
0.9545454545454546	0.026865671641791045
0.9552238805970149	0.02729211087420043
0.9558823529411765	0.02771855010660981
0.9565217391304348	0.02814498933901919
0.9305555555555556	0.028571428571428574
0.9436619718309859	0.028571428571428574
0.918918918918919	0.028997867803837955
0.9315068493150684	0.028997867803837955
0.92	0.029424307036247335
0.9210526315789473	0.029850746268656716
0.922077922077922	0.0302771855010661
0.9230769230769231	0.030703624733475484
0.9240506329113924	0.03113006396588486
0.9259259259259259	0.031982942430703626
0.9047619047619048	0.03240938166311301
0.9156626506024096	0.03240938166311301
0.9058823529411765	0.03283582089552239
0.9069767441860465	0.03326226012793177
0.9080459770114943	0.03368869936034115
0.9090909090909091	0.03411513859275053
0.9101123595505618	0.034541577825159916
0.9111111111111111	0.034968017057569294
0.9120879120879121	0.03539445628997868
0.9130434782608695	0.03582089552238806
0.9139784946236559	0.03624733475479744
0.9148936170212766	0.03667377398720682
0.9157894736842105	0.03710021321961621
0.9166666666666666	0.03752665245202559
0.9175257731958762	0.03795309168443497
0.9183673469387755	0.03837953091684435
0.9191919191919192	0.038805970149253737
0.92	0.039232409381663114
0.9207920792079208	0.0396588486140725
0.9215686274509803	0.04008528784648188
0.9223300970873787	0.04051172707889126
0.9230769230769231	0.04093816631130064
0.9238095238095239	0.04136460554371003
0.9245283018867925	0.041791044776119404
0.9252336448598131	0.04221748400852879
0.9259259259259259	0.04264392324093817
0.926605504587156	0.04307036247334755
0.9272727272727272	0.043496801705756934
0.9279279279279279	0.04392324093816631
0.9285714285714286	0.044349680170575695
0.9292035398230089	0.04477611940298508
0.9298245614035088	0.045202558635394456
0.9304347826086956	0.04562899786780384
0.9310344827586207	0.04605543710021322
0.9316239316239316	0.0464818763326226
0.9322033898305084	0.046908315565031986
0.925	0.04733475479744136
0.9327731092436975	0.04733475479744136
0.9256198347107438	0.047761194029850754
0.9262295081967213	0.04818763326226013
0.926829268292683	0.04861407249466951
0.9274193548387096	0.0490405117270789
0.928	0.049466950959488276
0.9285714285714286	0.04989339019189765
0.9291338582677166	0.050319829424307044
0.9296875	0.05074626865671642
0.9302325581395349	0.0511727078891258
0.9307692307692308	0.05159914712153519
0.9312977099236641	0.05202558635394457
0.9318181818181818	0.052452025586353944
0.9323308270676691	0.052878464818763335
0.9328358208955224	0.05330490405117271
0.9333333333333333	0.05373134328358209
0.9338235294117647	0.05415778251599148
0.927536231884058	0.05458422174840086
0.9343065693430657	0.05458422174840086
0.9280575539568345	0.055010660980810235
0.9285714285714286	0.05543710021321962
0.9290780141843972	0.055863539445629
0.9295774647887324	0.05628997867803838
0.9300699300699301	0.056716417910447764
0.9305555555555556	0.05714285714285715
0.9310344827586207	0.057569296375266525
0.9251700680272109	0.05799573560767591
0.9315068493150684	0.05799573560767591
0.9256756756756757	0.058422174840085286
0.9261744966442953	0.05884861407249467
0.9266666666666666	0.059275053304904055
0.9271523178807947	0.05970149253731343
0.9276315789473685	0.060127931769722816
0.9281045751633987	0.0605543710021322
0.9285714285714286	0.06098081023454158
0.9230769230769231	0.06140724946695097
0.9290322580645162	0.06140724946695097
0.9235668789808917	0.061833688699360345
0.9240506329113924	0.06226012793176972
0.91875	0.06268656716417911
0.9192546583850931	0.06311300639658848
0.9197530864197531	0.06353944562899787
0.9202453987730062	0.06396588486140725
0.9151515151515152	0.06439232409381664
0.9156626506024096	0.06481876332622602
0.9161676646706587	0.0652452025586354
0.9166666666666666	0.06567164179104477
0.9171597633136095	0.06609808102345416
0.9176470588235294	0.06652452025586354
0.9181286549707602	0.06695095948827293
0.9132947976878613	0.0673773987206823
0.9186046511627907	0.0673773987206823
0.9137931034482759	0.0678038379530917
0.9142857142857143	0.06823027718550106
0.9147727272727273	0.06865671641791045
0.9101123595505618	0.06908315565031983
0.9152542372881356	0.06908315565031983
0.9106145251396648	0.06950959488272922
0.9060773480662984	0.06993603411513859
0.9065934065934066	0.07036247334754799
0.907103825136612	0.07078891257995736
0.907608695652174	0.07121535181236674
0.9081081081081082	0.07164179104477612
0.9086021505376344	0.07206823027718551
0.9090909090909091	0.07249466950959488
0.9095744680851063	0.07292110874200428
0.91005291005291	0.07334754797441365
0.9105263157894737	0.07377398720682303
0.9109947643979057	0.07420042643923241
0.9114583333333334	0.0746268656716418
0.9072164948453608	0.07505330490405118
0.9119170984455959	0.07505330490405118
0.9081632653061225	0.07590618336886994
0.9086294416243654	0.07633262260127932
0.9090909090909091	0.0767590618336887
0.9095477386934674	0.07718550106609809
0.91	0.07761194029850747
0.9104477611940298	0.07803837953091684
0.9108910891089109	0.07846481876332623
0.9113300492610837	0.07889125799573561
0.9117647058823529	0.079317697228145
0.9121951219512195	0.07974413646055437
0.912621359223301	0.08017057569296376
0.9130434782608695	0.08059701492537313
0.9134615384615384	0.08102345415778252
0.9138755980861244	0.0814498933901919
0.9142857142857143	0.08187633262260129
0.9146919431279621	0.08230277185501066
0.9150943396226415	0.08272921108742005
0.9154929577464789	0.08315565031982942
0.9074074074074074	0.08358208955223881
0.9116279069767442	0.08358208955223881
0.9158878504672897	0.08358208955223881
0.9078341013824884	0.08400852878464819
0.908256880733945	0.08443496801705758
0.908675799086758	0.08486140724946695
0.9090909090909091	0.08528784648187634
0.9095022624434389	0.08571428571428572
0.9099099099099099	0.0861407249466951
0.9103139013452914	0.08656716417910448
0.9107142857142857	0.08699360341151387
0.9111111111111111	0.08742004264392324
0.911504424778761	0.08784648187633262
0.9118942731277533	0.088272921108742
0.9122807017543859	0.08869936034115139
0.9126637554585153	0.08912579957356077
0.9130434782608695	0.08955223880597016
0.9134199134199135	0.08997867803837954
0.9137931034482759	0.09040511727078891
0.9141630901287554	0.0908315565031983
0.9145299145299145	0.09125799573560768
0.9148936170212766	0.09168443496801706
0.9152542372881356	0.09211087420042643
0.9156118143459916	0.09253731343283582
0.9159663865546218	0.0929637526652452
0.9163179916317992	0.0933901918976546
0.9166666666666666	0.09381663113006397
0.91701244813278	0.09424307036247336
0.9173553719008265	0.09466950959488273
0.9176954732510288	0.09509594882729211
0.9180327868852459	0.09552238805970151
0.9186991869918699	0.09637526652452026
0.9190283400809717	0.09680170575692965
0.9193548387096774	0.09722814498933902
0.916	0.0976545842217484
0.9196787148594378	0.0976545842217484
0.9163346613545816	0.0980810234541578
0.9166666666666666	0.09850746268656717
0.9169960474308301	0.09893390191897655
0.9173228346456693	0.09936034115138594
0.9176470588235294	0.0997867803837953
0.91796875	0.10021321961620469
0.9182879377431906	0.10063965884861409
0.9186046511627907	0.10106609808102346
0.918918918918919	0.10149253731343284
0.9157088122605364	0.10191897654584223
0.916030534351145	0.1023454157782516
0.9163498098859315	0.10277185501066098
0.9166666666666666	0.10319829424307038
0.9169811320754717	0.10362473347547975
0.9172932330827067	0.10405117270788913
0.914179104477612	0.1044776119402985
0.9176029962546817	0.1044776119402985
0.9144981412639405	0.10490405117270789
0.9114391143911439	0.10533049040511727
0.9148148148148149	0.10533049040511727
0.9117647058823529	0.10575692963752667
0.9120879120879121	0.10618336886993604
0.9124087591240876	0.10660980810234542
0.9127272727272727	0.1070362473347548
0.9130434782608695	0.10746268656716418
0.9133574007220217	0.10788912579957355
0.9136690647482014	0.10831556503198296
0.9139784946236559	0.10874200426439233
0.9110320284697508	0.10916844349680171
0.9142857142857143	0.10916844349680171
0.9113475177304965	0.10959488272921108
0.911660777385159	0.11002132196162047
0.9119718309859155	0.11044776119402987
0.9122807017543859	0.11087420042643924
0.9125874125874126	0.11130063965884862
0.9097222222222222	0.111727078891258
0.906896551724138	0.11215351812366738
0.9072164948453608	0.11257995735607676
0.9075342465753424	0.11300639658848616
0.9078498293515358	0.11343283582089553
0.9081632653061225	0.11385927505330491
0.9084745762711864	0.1142857142857143
0.9087837837837838	0.11471215351812367
0.9090909090909091	0.11513859275053305
0.9093959731543624	0.11556503198294245
0.9096989966555183	0.11599147121535182
0.91	0.1164179104477612
0.9102990033222591	0.11684434968017057
0.9105960264900662	0.11727078891257996
0.9108910891089109	0.11769722814498934
0.9111842105263158	0.11812366737739874
0.9114754098360656	0.11855010660980811
0.9117647058823529	0.1189765458422175
0.9120521172638436	0.11940298507462686
0.9123376623376623	0.11982942430703625
0.9129032258064517	0.12068230277185503
0.9131832797427653	0.1211087420042644
0.9134615384615384	0.12153518123667378
0.910828025477707	0.12196162046908315
0.9137380191693291	0.12196162046908315
0.9053627760252366	0.12238805970149254
0.9082278481012658	0.12238805970149254
0.9111111111111111	0.12238805970149254
0.9056603773584906	0.12281449893390194
0.9059561128526645	0.1232409381663113
0.9065420560747663	0.12409381663113007
0.906832298136646	0.12452025586353944
0.9071207430340558	0.12494669509594883
0.9074074074074074	0.12537313432835823
0.9076923076923077	0.1257995735607676
0.9051987767584098	0.12622601279317697
0.9057750759878419	0.12707889125799574
0.906060606060606	0.1275053304904051
0.9063444108761329	0.1279317697228145
0.9066265060240963	0.1283582089552239
0.9069069069069069	0.12878464818763327
0.907185628742515	0.12921108742004264
0.9074626865671642	0.12963752665245204
0.9077380952380952	0.1300639658848614
0.9080118694362018	0.1304904051172708
0.908284023668639	0.13091684434968018
0.9085545722713865	0.13134328358208955
0.9088235294117647	0.13176972281449895
0.9090909090909091	0.13219616204690832
0.9096209912536443	0.13304904051172708
0.9098837209302325	0.13347547974413648
0.9101449275362319	0.13390191897654585
0.9104046242774566	0.13432835820895522
0.9106628242074928	0.1347547974413646
0.9109195402298851	0.135181236673774
0.9111747851002865	0.1356076759061834
0.9114285714285715	0.13603411513859276
0.9116809116809117	0.13646055437100213
0.9119318181818182	0.13688699360341153
0.9121813031161473	0.1373134328358209
0.9124293785310734	0.1377398720682303
0.9126760563380282	0.13816631130063967
0.9129213483146067	0.13859275053304904
0.9131652661064426	0.13901918976545843
0.9134078212290503	0.1394456289978678
0.9136490250696379	0.13987206823027717
0.9138888888888889	0.14029850746268657
0.914364640883978	0.14115138592750534
0.9146005509641874	0.1415778251599147
0.9148351648351648	0.1420042643923241
0.915068493150685	0.14243070362473348
0.9153005464480874	0.14285714285714288
0.9155313351498637	0.14328358208955225
0.9157608695652174	0.14371002132196162
0.9086021505376344	0.14413646055437102
0.9135135135135135	0.14413646055437102
0.9088471849865952	0.14456289978678039
0.9090909090909091	0.14498933901918976
0.9093333333333333	0.14541577825159915
0.9095744680851063	0.14584221748400855
0.9098143236074271	0.14626865671641792
0.91005291005291	0.1466950959488273
0.9102902374670184	0.14712153518123666
0.9105263157894737	0.14754797441364606
0.910761154855643	0.14797441364605546
0.9112271540469974	0.1488272921108742
0.9114583333333334	0.1492537313432836
0.9093264248704663	0.14968017057569297
0.9095607235142119	0.15010660980810236
0.9097938144329897	0.15053304904051173
0.910025706940874	0.1509594882729211
0.9102564102564102	0.1513859275053305
0.9081632653061225	0.15181236673773987
0.9083969465648855	0.15223880597014924
0.9086294416243654	0.15266524520255864
0.9088607594936708	0.15309168443496804
0.9090909090909091	0.1535181236673774
0.9093198992443325	0.15394456289978678
0.9095477386934674	0.15437100213219618
0.9097744360902256	0.15479744136460555
0.91	0.15522388059701495
0.9102244389027432	0.15565031982942432
0.9081885856079405	0.1560767590618337
0.9104477611940298	0.1560767590618337
0.9084158415841584	0.15650319829424308
0.908641975308642	0.15692963752665245
0.9088669950738916	0.15735607675906182
0.9090909090909091	0.15778251599147122
0.9093137254901961	0.15820895522388062
0.9073170731707317	0.15863539445629
0.9095354523227384	0.15863539445629
0.9075425790754258	0.15906183368869936
0.9077669902912622	0.15948827292110873
0.9079903147699758	0.15991471215351813
0.9082125603864735	0.16034115138592753
0.908433734939759	0.1607675906183369
0.9086538461538461	0.16119402985074627
0.9088729016786571	0.16162046908315567
0.9090909090909091	0.16204690831556504
0.9093078758949881	0.1624733475479744
0.9073634204275535	0.1628997867803838
0.9095238095238095	0.1628997867803838
0.9075829383886256	0.16332622601279317
0.9078014184397163	0.16375266524520257
0.9058823529411765	0.16417910447761194
0.9080188679245284	0.16417910447761194
0.9061032863849765	0.1646055437100213
0.9020979020979021	0.1650319829424307
0.9063231850117096	0.1650319829424307
0.9023255813953488	0.1654584221748401
0.9025522041763341	0.16588486140724948
0.9027777777777778	0.16631130063965885
0.9030023094688222	0.16673773987206825
0.9032258064516129	0.16716417910447762
0.903448275862069	0.16759061833688702
0.9036697247706422	0.16801705756929639
0.9038901601830663	0.16844349680170576
0.9041095890410958	0.16886993603411515
0.9043280182232346	0.16929637526652452
0.9045454545454545	0.1697228144989339
0.9027149321266968	0.1701492537313433
0.9029345372460497	0.1705756929637527
0.9031531531531531	0.17100213219616206
0.903370786516854	0.17142857142857143
0.9035874439461884	0.1718550106609808
0.9038031319910514	0.1722814498933902
0.9040178571428571	0.1727078891257996
0.9022222222222223	0.17313432835820897
0.9024390243902439	0.17356076759061834
0.9026548672566371	0.17398720682302773
0.9008810572687225	0.1744136460554371
0.9028697571743929	0.1744136460554371
0.8991228070175439	0.17484008528784648
0.9010989010989011	0.17484008528784648
0.899343544857768	0.17526652452025587
0.8995633187772926	0.17569296375266524
0.8997821350762527	0.17611940298507464
0.9	0.176545842217484
0.9002169197396963	0.17697228144989338
0.8984881209503239	0.17739872068230278
0.8987068965517241	0.17782515991471218
0.8989247311827957	0.17825159914712155
0.8991416309012875	0.17867803837953092
0.8993576017130621	0.17910447761194032
0.8995726495726496	0.17953091684434969
0.8997867803837953	0.17995735607675908
0.9	0.18038379530916845
0.9002123142250531	0.18081023454157782
0.9004237288135594	0.18123667377398722
0.9006342494714588	0.1816631130063966
0.9008438818565401	0.18208955223880596
0.9010526315789473	0.18251599147121536
0.9012605042016807	0.18294243070362476
0.9016736401673641	0.1837953091684435
0.9018789144050104	0.18422174840085287
0.9002079002079002	0.18464818763326227
0.9004149377593361	0.18507462686567164
0.9006211180124224	0.185501066098081
0.9008264462809917	0.1859275053304904
0.9010309278350516	0.1863539445628998
0.9012345679012346	0.1867803837953092
0.9014373716632443	0.18720682302771857
0.9016393442622951	0.18763326226012794
0.901840490797546	0.1880597014925373
0.9020408163265307	0.1884861407249467
0.9022403258655805	0.18891257995735608
0.9024390243902439	0.18933901918976545
0.9026369168356998	0.18976545842217485
0.902834008097166	0.19019189765458422
0.9030303030303031	0.1906183368869936
0.9032258064516129	0.19104477611940301
0.9016064257028112	0.19147121535181238
0.9018036072144289	0.19189765458422178
0.902	0.19232409381663115
0.900398406374502	0.19275053304904052
0.9005964214711729	0.1931769722814499
0.9007936507936508	0.1936034115138593
0.900990099009901	0.19402985074626866
0.9011857707509882	0.19445628997867803
0.9013806706114399	0.19488272921108743
0.9015748031496063	0.1953091684434968
0.9017681728880157	0.19573560767590617
0.9019607843137255	0.1961620469083156
0.9021526418786693	0.19658848614072497
0.90234375	0.19701492537313434
0.9025341130604289	0.19744136460554373
0.9027237354085603	0.1978678038379531
0.9029126213592233	0.19829424307036247
0.9031007751937985	0.19872068230277187
0.9015444015444015	0.19914712153518124
0.9032882011605415	0.19914712153518124
0.9017341040462428	0.1995735607675906
0.9001919385796545	0.19999999999999998
0.9019230769230769	0.19999999999999998
0.8986615678776291	0.20042643923240938
0.9003831417624522	0.20042643923240938
0.898854961832061	0.20085287846481875
0.8990476190476191	0.20127931769722818
0.8975332068311196	0.20170575692963755
0.8992395437262357	0.20170575692963755
0.8977272727272727	0.20213219616204692
0.8945386064030132	0.20255863539445632
0.8962264150943396	0.20255863539445632
0.8932584269662921	0.20341151385927506
0.8949343339587242	0.20341151385927506
0.8934579439252337	0.20383795309168445
0.8919925512104283	0.20426439232409382
0.8936567164179104	0.20426439232409382
0.8921933085501859	0.2046908315565032
0.8923933209647495	0.20511727078891256
0.8925925925925926	0.20554371002132196
0.8927911275415896	0.20597014925373136
0.8929889298892989	0.20639658848614076
0.8931860036832413	0.20682302771855013
0.8933823529411765	0.2072494669509595
0.8935779816513761	0.2076759061833689
0.8937728937728938	0.20810234541577827
0.8943533697632058	0.2093816631130064
0.8945454545454545	0.20980810234541578
0.8947368421052632	0.21023454157782515
0.894927536231884	0.21066098081023454
0.895117540687161	0.21108742004264394
0.8936936936936937	0.21151385927505334
0.8953068592057761	0.21151385927505334
0.8938848920863309	0.2119402985074627
0.8924731182795699	0.21236673773987208
0.8940754039497307	0.21236673773987208
0.8926654740608229	0.21279317697228145
0.8928571428571429	0.21321961620469085
0.893048128342246	0.21364605543710022
0.8932384341637011	0.2140724946695096
0.8934280639431617	0.214498933901919
0.8936170212765957	0.21492537313432836
0.8938053097345132	0.21535181236673773
0.8939929328621908	0.2157782515991471
0.8941798941798942	0.21620469083155652
0.8943661971830986	0.21663113006396592
0.8945518453427065	0.2170575692963753
0.8947368421052632	0.21748400852878466
0.8949211908931699	0.21791044776119403
0.893542757417103	0.21833688699360343
0.8951048951048951	0.21833688699360343
0.8937282229965157	0.2187633262260128
0.8939130434782608	0.21918976545842217
0.8940972222222222	0.21961620469083157
0.8942807625649913	0.22004264392324094
0.8944636678200693	0.2204690831556503
0.8946459412780656	0.22089552238805973
0.8948275862068965	0.2213219616204691
0.8904109589041096	0.22174840085287847
0.8934707903780069	0.22174840085287847
0.8950086058519794	0.22174840085287847
0.8905982905982905	0.22217484008528787
0.8907849829351536	0.22260127931769724
0.8909710391822828	0.2230277185501066
0.891156462585034	0.223454157782516
0.8913412563667232	0.22388059701492538
0.8915254237288136	0.22430703624733475
0.8917089678510999	0.22473347547974412
0.8918918918918919	0.22515991471215352
0.8920741989881956	0.2255863539445629
0.8922558922558923	0.22601279317697232
0.892436974789916	0.22643923240938169
0.8927973199329984	0.22729211087420045
0.8929765886287625	0.22771855010660982
0.8916666666666667	0.2281449893390192
0.891846921797005	0.2285714285714286
0.8920265780730897	0.22899786780383796
0.8922056384742952	0.22942430703624733
0.8923841059602649	0.2298507462686567
0.8925619834710744	0.2302771855010661
0.8927392739273927	0.23070362473347547
0.8934426229508197	0.23240938166311303
0.8936170212765957	0.2328358208955224
0.8937908496732027	0.23326226012793178
0.8939641109298532	0.23368869936034115
0.8941368078175895	0.23411513859275054
0.8943089430894309	0.2345415778251599
0.8944805194805194	0.23496801705756928
0.8946515397082658	0.23539445628997868
0.8948220064724919	0.23582089552238808
0.8949919224555735	0.23624733475479748
0.8951612903225806	0.23667377398720685
0.8954983922829582	0.2375266524520256
0.8956661316211878	0.237953091684435
0.8958333333333334	0.23837953091684436
0.896	0.23880597014925373
0.8961661341853036	0.23923240938166312
0.8963317384370016	0.2396588486140725
0.8964968152866242	0.24008528784648187
0.8966613672496025	0.24051172707889126
0.8968253968253969	0.24093816631130066
0.8969889064976229	0.24136460554371006
0.8971518987341772	0.24179104477611943
0.8973143759873617	0.2422174840085288
0.8974763406940063	0.24264392324093817
0.8976377952755905	0.24307036247334757
0.8963893249607535	0.24349680170575694
0.8977987421383647	0.24349680170575694
0.8967136150234741	0.2443496801705757
0.896875	0.24477611940298508
0.8970358814352574	0.24520255863539445
0.8944099378881988	0.24562899786780387
0.897196261682243	0.24562899786780387
0.8945736434108527	0.24605543710021324
0.8947368421052632	0.2464818763326226
0.8950617283950617	0.24733475479744138
0.8952234206471494	0.24776119402985075
0.8940092165898618	0.24818763326226015
0.8953846153846153	0.24818763326226015
0.8941717791411042	0.24861407249466952
0.8943338437978561	0.2490405117270789
0.8931297709923665	0.24946695095948826
0.8944954128440367	0.24946695095948826
0.8932926829268293	0.24989339019189766
0.893455098934551	0.250319829424307
0.8936170212765957	0.25074626865671645
0.8937784522003035	0.2511727078891258
0.8939393939393939	0.2515991471215352
0.8940998487140696	0.25202558635394456
0.8942598187311178	0.25245202558635393
0.8930722891566265	0.25287846481876336
0.8944193061840121	0.25287846481876336
0.8918918918918919	0.25330490405117273
0.8920539730134932	0.2537313432835821
0.8922155688622755	0.25415778251599147
0.8923766816143498	0.25458422174840084
0.8925373134328358	0.2550106609808102
0.8926974664679582	0.2554371002132196
0.8928571428571429	0.255863539445629
0.8930163447251115	0.25628997867803843
0.8933333333333333	0.2571428571428572
0.893491124260355	0.25756929637526654
0.8936484490398818	0.2579957356076759
0.8924889543446245	0.2584221748400853
0.8938053097345132	0.2584221748400853
0.8926470588235295	0.25884861407249465
0.8928046989720999	0.2592750533049041
0.8929618768328446	0.25970149253731345
0.8931185944363104	0.2601279317697228
0.8932748538011696	0.26055437100213225
0.8935860058309038	0.261407249466951
0.8924418604651163	0.26183368869936036
0.893740902474527	0.26183368869936036
0.8925979680696662	0.2622601279317697
0.8927536231884058	0.2626865671641791
0.8929088277858177	0.2631130063965885
0.8930635838150289	0.2635394456289979
0.8932178932178932	0.26396588486140726
0.8933717579250721	0.26439232409381663
0.8935251798561151	0.264818763326226
0.8936781609195402	0.2652452025586354
0.8938307030129125	0.2656716417910448
0.8939828080229226	0.26609808102345417
0.894134477825465	0.26652452025586354
0.8944365192582026	0.26737739872068234
0.8945868945868946	0.2678038379530917
0.8947368421052632	0.2682302771855011
0.8948863636363636	0.26865671641791045
0.8950354609929078	0.2690831556503198
0.8951841359773371	0.2695095948827292
0.8953323903818954	0.2699360341151386
0.8954802259887006	0.270362473347548
0.8956276445698167	0.2707889125799574
0.895774647887324	0.2712153518123668
0.8959212376933896	0.27164179104477615
0.896358543417367	0.27292110874200426
0.8965034965034965	0.27334754797441363
0.8966480446927374	0.27377398720682306
0.8967921896792189	0.2742004264392324
0.8969359331476323	0.2746268656716418
0.8972222222222223	0.2754797441364606
0.897364771151179	0.27590618336886996
0.8975069252077562	0.27633262260127933
0.8976486860304288	0.2767590618336887
0.896551724137931	0.2771855010660981
0.8977900552486188	0.2771855010660981
0.8966942148760331	0.2776119402985075
0.896978021978022	0.27846481876332624
0.897119341563786	0.2788912579957356
0.8972602739726028	0.279317697228145
0.8975409836065574	0.2801705756929637
0.897680763983629	0.28059701492537314
0.8979591836734694	0.28144989339019194
0.8980978260869565	0.2818763326226013
0.898236092265943	0.2823027718550107
0.8983739837398373	0.28272921108742005
0.8985115020297699	0.2831556503198294
0.8986486486486487	0.2835820895522388
0.8987854251012146	0.2840085287846482
0.898921832884097	0.2844349680170576
0.8978494623655914	0.28486140724946696
0.8990578734858681	0.28486140724946696
0.897986577181208	0.28528784648187633
0.8969210174029452	0.28571428571428575
0.8981233243967829	0.28571428571428575
0.8958611481975968	0.2861407249466951
0.8970588235294118	0.2861407249466951
0.896	0.2865671641791045
0.8961384820239681	0.28699360341151386
0.8962765957446809	0.28742004264392323
0.896551724137931	0.28827292110874203
0.8968253968253969	0.28912579957356077
0.8969616908850726	0.28955223880597014
0.8970976253298153	0.2899786780383795
0.8972332015810277	0.29040511727078894
0.8973684210526316	0.2908315565031983
0.897503285151117	0.2912579957356077
0.8976377952755905	0.2916844349680171
0.8979057591623036	0.29253731343283584
0.8980392156862745	0.2929637526652452
0.8981723237597912	0.2933901918976546
0.8983050847457628	0.29381663113006395
0.8984375	0.2942430703624733
0.8985695708712613	0.29466950959488275
0.8987012987012987	0.2950959488272921
0.8989637305699482	0.2959488272921109
0.8990944372574385	0.2963752665245203
0.8992248062015504	0.29680170575692966
0.8981958762886598	0.297228144989339
0.8983268983268984	0.2976545842217484
0.8984575835475579	0.29808102345415777
0.8974358974358975	0.2985074626865672
0.8964194373401535	0.29893390191897656
0.8975672215108835	0.29893390191897656
0.8968152866242038	0.30021321961620473
0.8969465648854962	0.3006396588486141
0.8970775095298602	0.30106609808102347
0.8972081218274112	0.30149253731343284
0.8973384030418251	0.3019189765458422
0.8974683544303798	0.30234541577825164
0.8977272727272727	0.3031982942430704
0.8978562421185372	0.30362473347547975
0.8979848866498741	0.3040511727078891
0.8969849246231156	0.3044776119402985
0.8971141781681304	0.30490405117270786
0.8972431077694235	0.3053304904051173
0.8973717146433041	0.3057569296375267
0.8975	0.3061833688699361
0.8976279650436954	0.30660980810234545
0.8977556109725686	0.3070362473347548
0.8978829389788294	0.3074626865671642
0.8980099502487562	0.30788912579957356
0.8981366459627329	0.30831556503198293
0.8982630272952854	0.30874200426439236
0.8972772277227723	0.3091684434968017
0.8983890954151177	0.3091684434968017
0.8974042027194067	0.3095948827292111
0.8964241676942046	0.31002132196162047
0.8975308641975308	0.31002132196162047
0.896551724137931	0.3104477611940299
0.8966789667896679	0.31087420042643926
0.8968058968058968	0.31130063965884863
0.8969325153374234	0.311727078891258
0.8970588235294118	0.3121535181236674
0.8971848225214198	0.3125799573560768
0.8973105134474327	0.31300639658848617
0.8974358974358975	0.31343283582089554
0.8975609756097561	0.3138592750533049
0.8976857490864799	0.3142857142857143
0.8978102189781022	0.31471215351812365
0.8979343863912516	0.3151385927505331
0.8980582524271845	0.31556503198294245
0.8981818181818182	0.3159914712153518
0.8983050847457628	0.31641791044776124
0.8973429951690821	0.3168443496801706
0.8974668275030157	0.31727078891258
0.8975903614457831	0.31769722814498935
0.8955582232893158	0.3181236673773987
0.8977135980746089	0.3181236673773987
0.89568345323741	0.3185501066098081
0.895808383233533	0.31897654584221746
0.895933014354067	0.3194029850746269
0.8960573476702509	0.31982942430703626
0.89618138424821	0.3202558635394457
0.8963051251489869	0.32068230277185505
0.8964285714285715	0.3211087420042644
0.8944246737841044	0.3215351812366738
0.8954869358669834	0.3215351812366738
0.896551724137931	0.3215351812366738
0.8945497630331753	0.32196162046908317
0.8946745562130177	0.32238805970149254
0.8947990543735225	0.3228144989339019
0.8949232585596222	0.32324093816631133
0.8950471698113207	0.3236673773987207
0.8951707891637221	0.32409381663113007
0.8952941176470588	0.32452025586353944
0.8954171562867215	0.3249466950959488
0.8935672514619883	0.3257995735607676
0.8936915887850467	0.326226012793177
0.8927738927738927	0.32665245202558635
0.8938156359393232	0.32665245202558635
0.8930232558139535	0.32750533049040514
0.8931475029036005	0.3279317697228145
0.8932714617169374	0.3283582089552239
0.8933951332560834	0.32878464818763325
0.8935185185185185	0.3292110874200426
0.8926096997690531	0.329637526652452
0.8936416184971099	0.329637526652452
0.8927335640138409	0.3300639658848614
0.8928571428571429	0.33049040511727085
0.8929804372842347	0.3309168443496802
0.8931034482758621	0.3313432835820896
0.8932261768082663	0.33176972281449896
0.893348623853211	0.3321961620469083
0.8934707903780069	0.3326226012793177
0.8935926773455377	0.33304904051172707
0.8926940639269406	0.3334754797441365
0.8937142857142857	0.3334754797441365
0.8928164196123147	0.33390191897654586
0.8929384965831435	0.33432835820895523
0.891156462585034	0.33518123667377403
0.8921679909194098	0.33518123667377403
0.8931818181818182	0.33518123667377403
0.8914027149321267	0.33603411513859277
0.8915254237288136	0.33646055437100214
0.891647855530474	0.3368869936034115
0.8917700112739572	0.33731343283582094
0.8918918918918919	0.3377398720682303
0.8920134983127109	0.3381663113006397
0.8911335578002245	0.33859275053304905
0.8912556053811659	0.3390191897654584
0.8913773796192609	0.3394456289978678
0.8914988814317674	0.33987206823027716
0.8916201117318435	0.3402985074626866
0.8917410714285714	0.34072494669509595
0.8918617614269788	0.3411513859275054
0.8921023359288098	0.3420042643923241
0.8922222222222222	0.3424307036247335
0.8923418423973363	0.34285714285714286
0.8914728682170543	0.34328358208955223
0.8924611973392461	0.34328358208955223
0.8906077348066298	0.3437100213219616
0.8915929203539823	0.3437100213219616
0.890728476821192	0.344136460554371
0.8908489525909592	0.3445628997867804
0.8909691629955947	0.3449893390191898
0.8901098901098901	0.3454157782515992
0.8902305159165752	0.34584221748400856
0.8903508771929824	0.34626865671641793
0.8904709748083242	0.3466950959488273
0.8905908096280087	0.3471215351812367
0.8908296943231441	0.34797441364605547
0.8899782135076253	0.34840085287846484
0.8900979325353645	0.3488272921108742
0.8892508143322475	0.3492537313432836
0.8893709327548807	0.34968017057569295
0.8894907908992417	0.3501066098081024
0.8896103896103896	0.35053304904051175
0.8897297297297297	0.3509594882729211
0.8888888888888888	0.3513859275053305
0.8880516684607105	0.3518123667377399
0.8890086206896551	0.3518123667377399
0.8881720430107527	0.3522388059701493
0.8882921589688507	0.35266524520255865
0.8884120171673819	0.353091684434968
0.8885316184351554	0.3535181236673774
0.8886509635974305	0.35394456289978676
0.8887700534759359	0.35437100213219613
0.8890074706510138	0.355223880597015
0.8892438764643238	0.3560767590618337
0.8894792773645058	0.35692963752665247
0.8895966029723992	0.35735607675906184
0.8897136797454931	0.3577825159914712
0.8898305084745762	0.35820895522388063
0.8899470899470899	0.35863539445629
0.8900634249471459	0.35906183368869937
0.8892405063291139	0.35948827292110874
0.8893572181243414	0.35991471215351817
0.8894736842105263	0.36034115138592754
0.889589905362776	0.3607675906183369
0.8897058823529411	0.3611940298507463
0.8898216159496327	0.36162046908315565
0.8900523560209425	0.36247334754797444
0.8901673640167364	0.3628997867803838
0.890282131661442	0.3633262260127932
0.8903966597077244	0.36375266524520256
0.8905109489051095	0.3641791044776119
0.890738813735692	0.3650319829424307
0.8908523908523909	0.3654584221748401
0.8909657320872274	0.3658848614072495
0.8913043478260869	0.36716417910447763
0.8914167528438469	0.367590618336887
0.8915289256198347	0.36801705756929637
0.891640866873065	0.36844349680170574
0.8917525773195877	0.36886993603411516
0.8919753086419753	0.3697228144989339
0.8920863309352518	0.3701492537313433
0.8921971252566735	0.37057569296375265
0.8923076923076924	0.371002132196162
0.8924180327868853	0.3714285714285714
0.8910386965376782	0.373134328358209
0.8911495422177009	0.3735607675906184
0.891260162601626	0.3739872068230278
0.8913705583756345	0.37441364605543714
0.8914807302231237	0.3748400852878465
0.8915906788247214	0.3752665245202559
0.8918099089989889	0.3761194029850746
0.8919191919191919	0.37654584221748405
0.8911290322580645	0.3769722814498934
0.8912386706948641	0.3773987206823028
0.8904522613065327	0.37782515991471216
0.8905622489959839	0.37825159914712153
0.8897795591182365	0.3786780383795309
0.8906720160481444	0.3786780383795309
0.8898898898898899	0.37910447761194027
0.89	0.3795309168443497
0.8901098901098901	0.37995735607675907
0.8902195608782435	0.38038379530916844
0.8903290129611167	0.3808102345415778
0.8904382470119522	0.3812366737739872
0.8861386138613861	0.38166311300639655
0.8870168483647175	0.38166311300639655
0.8862512363996043	0.38208955223880603
0.8863636363636364	0.3825159914712154
0.8864758144126358	0.38294243070362477
0.8865877712031558	0.38336886993603414
0.8866995073891626	0.38379530916844357
0.8868110236220472	0.38422174840085294
0.8869223205506391	0.3846481876332623
0.8870333988212181	0.3850746268656717
0.887144259077527	0.38550106609808105
0.8872549019607843	0.3859275053304904
0.8873653281096964	0.3863539445628998
0.8874755381604696	0.3867803837953092
0.8868292682926829	0.38763326226012795
0.8876953125	0.38763326226012795
0.8860759493670886	0.3880597014925373
0.8869395711500975	0.3880597014925373
0.8861867704280155	0.3884861407249467
0.8862973760932945	0.38891257995735606
0.8864077669902912	0.38933901918976543
0.8865179437439379	0.38976545842217486
0.8866279069767442	0.39019189765458423
0.8867376573088093	0.3906183368869936
0.8869565217391304	0.39147121535181234
0.8871745419479267	0.3923240938166312
0.8872832369942196	0.39275053304904056
0.8873917228103946	0.39317697228144993
0.8875	0.3936034115138593
0.8880382775119617	0.3957356076759062
0.8864503816793893	0.3961620469083156
0.8881453154875717	0.3961620469083156
0.8857142857142857	0.39658848614072495
0.8858230256898192	0.3970149253731343
0.886039886039886	0.3978678038379531
0.8861480075901328	0.3982942430703625
0.8871119473189087	0.402132196162047
0.8872180451127819	0.40255863539445635
0.8873239436619719	0.4029850746268657
0.8874296435272045	0.4034115138592751
0.887535145267104	0.40383795309168447
0.8876404494382022	0.40426439232409384
0.8877455565949486	0.40469083155650326
0.8861940298507462	0.40511727078891263
0.8878504672897196	0.40511727078891263
0.8863000931966449	0.405543710021322
0.8864059590316573	0.40597014925373137
0.8865116279069768	0.40639658848614074
0.8866171003717472	0.4068230277185501
0.8867223769730733	0.4072494669509595
0.8868274582560297	0.4076759061833689
0.8869323447636701	0.4081023454157783
0.8870370370370371	0.40852878464818765
0.8871415356151712	0.408955223880597
0.8872458410351202	0.4093816631130064
0.8873499538319483	0.40980810234541576
0.8866359447004608	0.41023454157782513
0.8874538745387454	0.41023454157782513
0.8867403314917127	0.41066098081023455
0.8868445262189513	0.4110874200426439
0.8871559633027523	0.41236673773987215
0.8872593950504125	0.4127931769722815
0.8873626373626373	0.4132196162046909
0.8874656907593779	0.41364605543710026
0.8875685557586838	0.4140724946695096
0.8876712328767123	0.414498933901919
0.8877737226277372	0.41492537313432837
0.8878760255241568	0.4153518123667378
0.8881818181818182	0.4166311300639659
0.8874773139745916	0.4170575692963753
0.8875793291024479	0.41748400852878464
0.8876811594202898	0.417910447761194
0.8877828054298642	0.41833688699360344
0.8878842676311031	0.4187633262260128
0.8879855465221319	0.4191897654584222
0.8880866425992779	0.41961620469083155
0.8881875563570785	0.4200426439232409
0.8882882882882883	0.4204690831556503
0.8884892086330936	0.4213219616204691
0.8885893980233602	0.4217484008528785
0.8886894075403949	0.4221748400852879
0.8887892376681614	0.42260127931769725
0.8888888888888888	0.4230277185501067
0.8889883616830797	0.42345415778251605
0.889087656529517	0.4238805970149254
0.8891867739052726	0.4243070362473348
0.8893844781445138	0.42515991471215353
0.8886910062333037	0.4255863539445629
0.8887900355871886	0.4260127931769723
0.8888888888888888	0.4264392324093817
0.8893805309734514	0.42857142857142855
0.8886925795053003	0.428997867803838
0.8887908208296558	0.42942430703624734
0.8889867841409692	0.4302771855010661
0.8890845070422535	0.43070362473347545
0.8892794376098418	0.4315565031982942
0.8893766461808604	0.4319829424307037
0.8894736842105263	0.43240938166311305
0.8898601398601399	0.4341151385927506
0.8899563318777293	0.43454157782515995
0.8892763731473409	0.4349680170575693
0.8893728222996515	0.4353944562899787
0.8894691035683203	0.43582089552238806
0.8895652173913043	0.4362473347547975
0.889661164205039	0.43667377398720686
0.8897569444444444	0.43710021321961623
0.8898525585429314	0.4375266524520256
0.889948006932409	0.43795309168443497
0.888504753673293	0.43837953091684434
0.889273356401384	0.43837953091684434
0.8886010362694301	0.4388059701492537
0.8887931034482759	0.4396588486140725
0.8888888888888888	0.4400852878464819
0.8882201203783319	0.44051172707889125
0.8883161512027491	0.4409381663113006
0.8884120171673819	0.44136460554371
0.8877463581833762	0.44179104477611947
0.8878424657534246	0.44221748400852884
0.8879384088964928	0.4426439232409382
0.888034188034188	0.4430703624733476
0.888129803586678	0.44349680170575695
0.8882252559726962	0.4439232409381664
0.8883205456095482	0.44434968017057574
0.8884156729131175	0.4447761194029851
0.8877551020408163	0.4452025586353945
0.8885106382978724	0.4452025586353945
0.8878504672897196	0.44562899786780386
0.8879456706281834	0.4460554371002132
0.8872881355932203	0.4464818763326226
0.8873835732430144	0.446908315565032
0.8874788494077834	0.4473347547974414
0.8875739644970414	0.44776119402985076
0.887668918918919	0.44818763326226013
0.887858347386172	0.4490405117270789
0.8879528222409435	0.44946695095948824
0.8881412952060556	0.45031982942430704
0.888235294117647	0.4507462686567164
0.8883291351805206	0.4511727078891258
0.8885163453478625	0.45202558635394463
0.8886097152428811	0.452452025586354
0.8887029288702929	0.45287846481876337
0.8880534670008354	0.45330490405117274
0.8887959866220736	0.45330490405117274
0.8874061718098415	0.4537313432835821
0.8875	0.45415778251599154
0.88759367194005	0.4545842217484009
0.8876871880199667	0.4550106609808103
0.8877805486284289	0.45543710021321965
0.8878737541528239	0.455863539445629
0.8879668049792531	0.4562899786780384
0.8880597014925373	0.45671641791044776
0.8881524440762221	0.4571428571428572
0.8882450331125827	0.45756929637526655
0.8883374689826302	0.4579957356076759
0.8884297520661157	0.4584221748400853
0.8885218827415359	0.45884861407249466
0.887881286067601	0.45927505330490404
0.8886138613861386	0.45927505330490404
0.8879736408566722	0.4597014925373134
0.8880658436213992	0.46012793176972283
0.8881578947368421	0.4605543710021322
0.8882497945768283	0.46098081023454157
0.8883415435139573	0.46140724946695094
0.8885245901639345	0.4622601279317698
0.8881632653061224	0.4639658848614073
0.8882544861337683	0.46439232409381664
0.8883455582722086	0.46481876332622607
0.8884364820846905	0.46524520255863544
0.8885272579332791	0.4656716417910448
0.8887083671811535	0.46652452025586355
0.8887987012987013	0.4669509594882729
0.8888888888888888	0.4673773987206823
0.8890688259109312	0.4682302771855011
0.88915857605178	0.46865671641791046
0.8893376413570274	0.4695095948827292
0.8894269572235673	0.46993603411513857
0.8895161290322581	0.47036247334754794
0.8896051571313457	0.47078891257995736
0.8896940418679549	0.47121535181236673
0.8897827835880934	0.47164179104477616
0.8877305533279871	0.47206823027718553
0.889871382636656	0.47206823027718553
0.8878205128205128	0.47249466950959496
0.8879103282626101	0.4729211087420043
0.888	0.4733475479744137
0.8880895283772982	0.47377398720682307
0.8881789137380192	0.47420042643923244
0.8883572567783095	0.4750533049040512
0.8884462151394422	0.4754797441364606
0.8885350318471338	0.47590618336887
0.888623707239459	0.47633262260127934
0.8887122416534181	0.4767590618336887
0.8888006354249405	0.4771855010660981
0.8874801901743264	0.47761194029850745
0.8888888888888888	0.47761194029850745
0.88756927949327	0.4780383795309168
0.8876582278481012	0.47846481876332625
0.8877470355731225	0.4788912579957356
0.8878357030015798	0.479317697228145
0.8879242304656669	0.47974413646055436
0.8873128447596532	0.48017057569296373
0.8874015748031496	0.4805970149253731
0.8874901652242329	0.4810234541577825
0.8861852433281004	0.48144989339019195
0.8868813825608798	0.48144989339019195
0.8862745098039215	0.4818763326226013
0.8863636363636364	0.4823027718550107
0.8864526233359437	0.4827292110874201
0.8865414710485133	0.4831556503198295
0.8866301798279906	0.48358208955223886
0.8860265417642467	0.48400852878464823
0.88671875	0.48400852878464823
0.8861154446177847	0.4844349680170576
0.8862042088854248	0.48486140724946697
0.8856031128404669	0.48528784648187634
0.8862928348909658	0.48528784648187634
0.885692068429238	0.48571428571428577
0.8857808857808858	0.48614072494669514
0.8858695652173914	0.4865671641791045
0.8859581070597362	0.4869936034115139
0.8860465116279069	0.48742004264392325
0.8861347792408986	0.4878464818763326
0.88553750966744	0.488272921108742
0.8856259659969088	0.4886993603411514
0.8858905165767155	0.4899786780383795
0.8852963818321786	0.4904051172707889
0.8854727132974635	0.49125799573560774
0.8855606758832565	0.4916844349680171
0.8856485034535687	0.4921108742004265
0.8857361963190185	0.49253731343283585
0.885823754789272	0.4929637526652452
0.8859111791730475	0.49339019189765465
0.8853211009174312	0.493816631130064
0.8859984697781178	0.493816631130064
0.8854961832061069	0.49466950959488276
0.88558352402746	0.49509594882729213
0.885670731707317	0.4955223880597015
0.8857578065498858	0.49594882729211087
0.8851711026615969	0.4963752665245203
0.8852583586626139	0.49680170575692967
0.8846737481031867	0.49722814498933904
0.8847611827141774	0.4976545842217484
0.8849356548069645	0.49850746268656715
0.8850226928895613	0.4989339019189765
0.8851095993953136	0.49936034115138594
0.8851963746223565	0.4997867803837953
0.8853695324283559	0.500639658848614
0.8854559155990958	0.5010660980810234
0.8849624060150376	0.5019189765458423
0.8850488354620586	0.5023454157782516
0.8851351351351351	0.502771855010661
0.8845577211394303	0.5031982942430704
0.8852213053263316	0.5031982942430704
0.8847305389221557	0.5040511727078891
0.8848167539267016	0.5044776119402985
0.8849028400597907	0.5049040511727079
0.8849887976101568	0.5053304904051173
0.8850746268656716	0.5057569296375267
0.8851603281133482	0.5061833688699361
0.8852459016393442	0.5066098081023455
0.885331347728965	0.5070362473347548
0.8854166666666666	0.5074626865671642
0.8855018587360595	0.5078891257995736
0.8855869242199108	0.5083155650319829
0.8856718634001485	0.5087420042643923
0.8857566765578635	0.5091684434968017
0.8858413639733136	0.509594882729211
0.8859259259259259	0.5100213219616204
0.8860103626943006	0.5104477611940298
0.886094674556213	0.5108742004264392
0.8861788617886179	0.5113006396588486
0.8862629246676514	0.511727078891258
0.8857774502579219	0.5125799573560769
0.885861561119293	0.5130063965884862
0.8859455481972038	0.5134328358208956
0.8853783982365907	0.513859275053305
0.8860294117647058	0.513859275053305
0.8854625550660793	0.5142857142857143
0.8855465884079237	0.5147121535181237
0.8856304985337243	0.5151385927505331
0.8857979502196194	0.5159914712153518
0.8858814923189466	0.5164179104477612
0.8859649122807017	0.5168443496801706
0.8860482103725347	0.5172707889125799
0.8861313868613139	0.5176972281449893
0.8862144420131292	0.5181236673773987
0.8862973760932945	0.5185501066098082
0.8863801893663511	0.5189765458422175
0.8864628820960698	0.5194029850746269
0.8865454545454545	0.5198294243070363
0.8866279069767442	0.5202558635394456
0.8867102396514162	0.520682302771855
0.8867924528301887	0.5211087420042645
0.8843094721619668	0.5215351812366739
0.886231884057971	0.5215351812366739
0.8837545126353791	0.5219616204690832
0.8825648414985591	0.5223880597014926
0.8838383838383839	0.5223880597014926
0.8826493880489561	0.522814498933902
0.8827338129496403	0.5232409381663113
0.8828181164629763	0.5236673773987207
0.882986360373295	0.5245202558635395
0.8830703012912482	0.5249466950959488
0.8831541218637993	0.5253731343283582
0.8832378223495702	0.5257995735607676
0.8833214030064424	0.526226012793177
0.8834048640915594	0.5266524520255864
0.8815977175463623	0.5270788912579958
0.8828571428571429	0.5270788912579958
0.8834882058613295	0.5270788912579958
0.8816821097647898	0.5275053304904052
0.8805120910384068	0.5279317697228145
0.8817663817663818	0.5279317697228145
0.8805970149253731	0.5283582089552239
0.8806818181818182	0.5287846481876333
0.8807665010645848	0.5292110874200426
0.8808510638297873	0.529637526652452
0.8803116147308782	0.5300639658848614
0.8809355067328136	0.5300639658848614
0.8803963198867657	0.5304904051172707
0.8804809052333805	0.5309168443496802
0.880565371024735	0.5313432835820896
0.8806497175141242	0.531769722814499
0.8807339449541285	0.5321961620469083
0.8801973220577872	0.5326226012793177
0.8808180535966149	0.5326226012793177
0.8802816901408451	0.5330490405117271
0.88036593947924	0.5334754797441364
0.8804500703234881	0.5339019189765459
0.8805340829234013	0.5343283582089553
0.8806179775280899	0.5347547974413647
0.8800841514726507	0.535181236673774
0.8807017543859649	0.535181236673774
0.8802521008403361	0.5360341151385928
0.8803358992302309	0.5364605543710022
0.8798043326345213	0.5368869936034115
0.8804195804195805	0.5368869936034115
0.8798882681564246	0.5373134328358209
0.8787456445993032	0.5377398720682303
0.8789144050104384	0.538592750533049
0.8789986091794159	0.5390191897654584
0.8790826963168867	0.5394456289978677
0.8791666666666667	0.5398720682302772
0.8792505204718946	0.5402985074626866
0.8793342579750347	0.540724946695096
0.8794178794178794	0.5411513859275054
0.8795013850415513	0.5415778251599148
0.8795847750865052	0.5420042643923242
0.8797512093987561	0.5428571428571429
0.8798342541436464	0.5432835820895523
0.8799171842650103	0.5437100213219617
0.8800827015851137	0.5445628997867804
0.8801652892561983	0.5449893390191898
0.8802477632484514	0.5454157782515991
0.8803301237964236	0.5458422174840085
0.8804945054945055	0.5466950959488273
0.880576527110501	0.5471215351812367
0.8808219178082192	0.5484008528784649
0.8809849521203831	0.5492537313432836
0.8810663021189337	0.549680170575693
0.8813905930470347	0.5513859275053306
0.8814713896457765	0.5518123667377399
0.8816326530612245	0.5526652452025587
0.8817131203263087	0.553091684434968
0.8817934782608695	0.5535181236673774
0.8818737270875764	0.5539445628997868
0.8820338983050847	0.5547974413646056
0.8821138211382114	0.555223880597015
0.8821936357481381	0.5556503198294244
0.8822733423545331	0.5560767590618337
0.8823529411764706	0.5565031982942431
0.8824324324324324	0.5569296375266525
0.8825118163403106	0.5573560767590618
0.8825910931174089	0.5577825159914712
0.882670262980445	0.5582089552238806
0.8827493261455526	0.55863539445629
0.8828282828282829	0.5590618336886993
0.882907133243607	0.5594882729211087
0.882985877605918	0.5599147121535181
0.8832997987927566	0.5616204690831557
0.882786336235767	0.5620469083155651
0.8828647925033467	0.5624733475479745
0.882943143812709	0.5628997867803839
0.8830213903743316	0.5633262260127933
0.8830995323981295	0.5637526652452026
0.8825883922615076	0.564179104477612
0.8826666666666667	0.5646055437100214
0.882744836775483	0.5650319829424307
0.8822355289421158	0.5654584221748401
0.8828229027962716	0.5654584221748401
0.8823920265780731	0.5663113006396588
0.8824701195219123	0.5667377398720682
0.8825481088254811	0.5671641791044776
0.8826259946949602	0.567590618336887
0.882703777335984	0.5680170575692964
0.8822751322751323	0.5688699360341152
0.8828590337524818	0.5688699360341152
0.8824306472919419	0.5697228144989339
0.8825082508250826	0.5701492537313433
0.8826631509558339	0.5710021321961621
0.881578947368421	0.5714285714285715
0.8827404479578392	0.5714285714285715
0.8816568047337278	0.5718550106609809
0.881812212738017	0.5727078891257996
0.8813114754098361	0.573134328358209
0.8813892529488859	0.5735607675906184
0.8814669286182056	0.5739872068230277
0.881544502617801	0.5744136460554371
0.881621975147155	0.5748400852878465
0.8816993464052287	0.5752665245202558
0.8817766165904638	0.5756929637526653
0.8796356538711776	0.5765458422174841
0.8797920727745289	0.5773987206823028
0.8798701298701299	0.5778251599147122
0.8799480856586632	0.5782515991471215
0.880103694102398	0.5791044776119403
0.8801813471502591	0.5795309168443497
0.8802588996763754	0.579957356076759
0.8803363518758085	0.5803837953091684
0.8804137039431157	0.5808102345415779
0.8804909560723514	0.5812366737739872
0.8794326241134752	0.5816631130063966
0.88	0.5816631130063966
0.8789439793947199	0.582089552238806
0.8795103092783505	0.582089552238806
0.879021879021879	0.5825159914712154
0.8790996784565916	0.5829424307036247
0.8791773778920309	0.5833688699360342
0.8792549775208734	0.5837953091684436
0.8793324775353016	0.584221748400853
0.8794098781270044	0.5846481876332623
0.8794871794871795	0.5850746268656717
0.8795643818065343	0.5855010660980811
0.8785166240409207	0.5859275053304904
0.8796414852752881	0.5859275053304904
0.8785942492012779	0.5863539445628998
0.8781110402042118	0.5867803837953092
0.8781887755102041	0.5872068230277185
0.8782664117272148	0.5876332622601279
0.878343949044586	0.5880597014925373
0.8784213876511776	0.5884861407249466
0.878498727735369	0.588912579957356
0.8785759694850604	0.5893390191897655
0.8786531130876747	0.5897654584221749
0.8787301587301587	0.5901918976545842
0.8788071065989848	0.5906183368869937
0.8788839568801522	0.5910447761194031
0.8789607097591888	0.5914712153518125
0.8790373654211526	0.5918976545842218
0.8785578747628083	0.5923240938166312
0.8775252525252525	0.5927505330490406
0.877602523659306	0.5931769722814499
0.8771266540642723	0.5936034115138593
0.8763339610797238	0.5953091684434968
0.8764115432873275	0.5957356076759062
0.8764890282131661	0.5961620469083155
0.8765664160401002	0.596588486140725
0.8766437069505323	0.5970149253731344
0.876720901126408	0.5974413646055438
0.876875	0.5982942430703625
0.876951905059338	0.5987206823027719
0.8764815970056145	0.5991471215351812
0.8765586034912718	0.5995735607675906
0.8767123287671232	0.6004264392324095
0.8763975155279503	0.6017057569296376
0.8759305210918115	0.6021321961620469
0.8760074395536268	0.6025586353944563
0.8760842627013631	0.6029850746268657
0.8751545117428925	0.6038379530916844
0.875231624459543	0.6042643923240939
0.8753086419753087	0.6046908315565033
0.8756923076923077	0.6068230277185501
0.8757687576875769	0.6072494669509595
0.8758451137062078	0.6076759061833689
0.8753836709637814	0.6081023454157782
0.8754601226993866	0.6085287846481876
0.875	0.608955223880597
0.8755364806866953	0.608955223880597
0.8750765462339253	0.6093816631130063
0.8751529987760098	0.6098081023454157
0.8752293577981651	0.6102345415778252
0.8753056234718827	0.6106609808102346
0.8753817959682346	0.6110874200426439
0.8754578754578755	0.6115138592750534
0.8755338621110433	0.6119402985074628
0.875609756097561	0.6123667377398722
0.8756855575868373	0.6127931769722815
0.8757612667478685	0.6132196162046909
0.8758368837492392	0.6136460554371003
0.8759878419452888	0.614498933901919
0.8760631834750912	0.6149253731343284
0.8761384335154827	0.6153518123667377
0.8762135922330098	0.6157782515991471
0.8762886597938144	0.6162046908315565
0.8763636363636363	0.6166311300639659
0.8764385221078135	0.6170575692963752
0.8759830611010284	0.6174840085287847
0.8760580411124547	0.6179104477611941
0.876357056694813	0.6196162046908316
0.8755261575466026	0.6208955223880598
0.876580373269115	0.6208955223880598
0.8756756756756757	0.6217484008528785
0.8752249550089982	0.6221748400852879
0.8757503001200481	0.6221748400852879
0.874251497005988	0.6226012793176973
0.8747753145596165	0.6226012793176973
0.8752997601918465	0.6226012793176973
0.874326750448833	0.6230277185501066
0.8744019138755981	0.623454157782516
0.8744769874476988	0.6238805970149254
0.8745519713261649	0.6243070362473347
0.8746268656716418	0.6247334754797441
0.8747763864042933	0.625586353944563
0.874329958308517	0.6260127931769723
0.8748510131108462	0.6260127931769723
0.8738845925044616	0.6264392324093817
0.8740344622697563	0.6272921108742004
0.8741092636579573	0.6277185501066098
0.8741839762611276	0.6281449893390192
0.8742586002372479	0.6285714285714286
0.8744075829383886	0.6294243070362473
0.8744819419775015	0.6298507462686567
0.8745562130177514	0.6302771855010662
0.8746303962152573	0.6307036247334755
0.8747044917257684	0.6311300639658849
0.8747784997046663	0.6315565031982943
0.8743362831858407	0.6319829424307036
0.8738951090159104	0.632409381663113
0.8739693757361602	0.6328358208955225
0.8735294117647059	0.6332622601279319
0.874043555032372	0.6332622601279319
0.8736037624926514	0.6336886993603412
0.8736780258519389	0.6341151385927506
0.8737522019964769	0.63454157782516
0.8738262910798122	0.6349680170575693
0.873900293255132	0.6353944562899787
0.8739742086752638	0.6358208955223881
0.8740480374926772	0.6362473347547974
0.8736102984201287	0.6366737739872068
0.8736842105263158	0.6371002132196162
0.8737580362361193	0.6375266524520256
0.8739054290718039	0.6383795309168443
0.8739789964994166	0.6388059701492538
0.8740524781341108	0.6392324093816631
0.8731820826061664	0.640085287846482
0.8732558139534884	0.6405117270788914
0.873329459616502	0.6409381663113007
0.8734030197444832	0.6413646055437101
0.873476494486361	0.6417910447761195
0.8730434782608696	0.6422174840085288
0.8726114649681529	0.6426439232409382
0.873117033603708	0.6426439232409382
0.8727588201272412	0.643496801705757
0.8723281340265743	0.6439232409381663
0.8724018475750578	0.6443496801705757
0.8724754760530872	0.6447761194029851
0.8725490196078431	0.6452025586353944
0.8726224783861671	0.6456289978678038
0.8726958525345622	0.6460554371002133
0.872769142199194	0.6464818763326227
0.8728423475258918	0.646908315565032
0.8729885057471264	0.6477611940298508
0.8715596330275229	0.6481876332622601
0.8716332378223496	0.6486140724946695
0.8717801946193474	0.6494669509594883
0.8719268153230417	0.6503198294243071
0.8715019988577956	0.6507462686567165
0.8715753424657534	0.6511727078891258
0.8716486023958927	0.6515991471215352
0.8712250712250712	0.6520255863539446
0.8712984054669703	0.652452025586354
0.8708759954493743	0.6528784648187633
0.8709494030699261	0.6533049040511727
0.8710227272727272	0.6537313432835822
0.8710959681998864	0.6541577825159915
0.8711691259931895	0.6545842217484009
0.871242200794101	0.6550106609808103
0.8713881019830029	0.655863539445629
0.8714609286523216	0.6562899786780384
0.8715336728919072	0.6567164179104478
0.871606334841629	0.6571428571428571
0.8716789146410401	0.6575692963752665
0.8717514124293785	0.6579957356076759
0.871331828442438	0.6584221748400853
0.871404399323181	0.6588486140724946
0.8716216216216216	0.6601279317697228
0.8716938660664041	0.6605543710021322
0.8717660292463442	0.6609808102345417
0.8713483146067416	0.6614072494669511
0.8714205502526671	0.6618336886993604
0.8710039259674706	0.6622601279317698
0.8714927048260381	0.6622601279317698
0.8701007838745801	0.6626865671641792
0.8701734750979295	0.6631130063965885
0.8702460850111857	0.6635394456289979
0.8703186137506987	0.6639658848614073
0.870391061452514	0.6643923240938167
0.8699776785714286	0.664818763326226
0.870463428252373	0.664818763326226
0.8700501952035694	0.6652452025586354
0.8701949860724234	0.6660980810234541
0.8702672605790646	0.6665245202558635
0.8698553948832035	0.666950959488273
0.8690344062153164	0.6678038379530917
0.87	0.6678038379530917
0.8686252771618626	0.6682302771855011
0.8686980609418282	0.6686567164179105
0.8687707641196013	0.6690831556503198
0.8688433868289983	0.6695095948827292
0.8689159292035398	0.6699360341151387
0.8689883913764511	0.6703624733475481
0.8685808945334069	0.6707889125799574
0.8686534216335541	0.6712153518123668
0.8682469680264608	0.6716417910447762
0.8683920704845814	0.6724946695095949
0.868464501926252	0.6729211087420043
0.8685368536853685	0.6733475479744137
0.868609125893348	0.673773987206823
0.8687534321801208	0.6746268656716419
0.8688254665203073	0.6750533049040512
0.8688974218321448	0.6754797441364606
0.8689692982456141	0.67590618336887
0.869041095890411	0.6763326226012794
0.8691128148959474	0.6767590618336887
0.8691844553913519	0.6771855010660981
0.8692560175054704	0.6776119402985075
0.8693275013668671	0.6780383795309168
0.8693989071038252	0.6784648187633262
0.8695414847161572	0.679317697228145
0.8696837513631407	0.6801705756929638
0.8697547683923705	0.6805970149253732
0.8698257080610022	0.6810234541577825
0.869896570495373	0.6814498933901919
0.8699673558215452	0.6818763326226013
0.8700380641653073	0.6823027718550108
0.8701086956521739	0.6827292110874201
0.8701792504073873	0.6831556503198295
0.8685776095186587	0.684861407249467
0.8686486486486487	0.6852878464818764
0.8687196110210696	0.6857142857142857
0.868861305990286	0.6865671641791045
0.8689320388349514	0.6869936034115138
0.8690026954177897	0.6874200426439232
0.869073275862069	0.6878464818763327
0.8691437802907916	0.688272921108742
0.8692142088266954	0.6886993603411514
0.8692845615922539	0.6891257995735608
0.8688876947877485	0.6895522388059702
0.8689581095596133	0.6899786780383796
0.8690284487385936	0.690405117270789
0.869098712446352	0.6908315565031984
0.8691689008042895	0.6912579957356078
0.8692390139335477	0.6916844349680171
0.8689138576779026	0.6925373134328359
0.8693790149892934	0.6925373134328359
0.8689839572192514	0.6929637526652452
0.8681260010678057	0.6933901918976546
0.8690539818278995	0.6933901918976546
0.8672707889125799	0.693816631130064
0.8677333333333334	0.693816631130064
0.8681963713980789	0.693816631130064
0.8673415023974427	0.6942430703624733
0.8669505055880787	0.6946695095948827
0.8670212765957447	0.6950959488272921
0.8670919723551302	0.6955223880597016
0.8671625929861849	0.6959488272921109
0.8672331386086033	0.6963752665245203
0.8673036093418259	0.6968017057569297
0.866914103923648	0.697228144989339
0.8670550847457628	0.6980810234541578
0.8671957671957672	0.6989339019189765
0.8672659968270756	0.6993603411513859
0.8673361522198731	0.6997867803837954
0.8674762407602957	0.7006396588486141
0.8675461741424803	0.7010660980810235
0.8658600736454498	0.7019189765458422
0.8661417322834646	0.7036247334754798
0.8663522012578616	0.7049040511727079
0.8640625	0.7074626865671642
0.8641332639250391	0.7078891257995735
0.86420395421436	0.7083155650319829
0.8643451143451143	0.7091684434968017
0.8644859813084113	0.7100213219616205
0.8645563051375195	0.71044776119403
0.8646265560165975	0.7108742004264393
0.864696734059098	0.7113006396588487
0.8648368720870016	0.7121535181236675
0.8649767201241594	0.7130063965884862
0.8650465356773527	0.7134328358208956
0.8651162790697674	0.7138592750533049
0.8651859504132231	0.7142857142857143
0.8653250773993808	0.715138592750533
0.8656716417910447	0.71727078891258
0.8658097686375321	0.7181236673773987
0.8658787255909558	0.7185501066098081
0.8659476117103235	0.7189765458422175
0.8651282051282051	0.7194029850746269
0.8655720882503848	0.7194029850746269
0.8660164271047228	0.7194029850746269
0.8651973347001538	0.7198294243070363
0.8652663934426229	0.7202558635394457
0.8654042988741044	0.7211087420042644
0.8654731457800512	0.7215351812366738
0.8655419222903885	0.7219616204690832
0.8656106285130302	0.7223880597014926
0.8658163265306122	0.7236673773987207
0.8658847526772055	0.7240938166311301
0.8655119714722364	0.7245202558635395
0.8655804480651731	0.7249466950959489
0.8652085452695829	0.7253731343283583
0.8648373983739838	0.7257995735607676
0.8649060436769934	0.726226012793177
0.8651115618661258	0.7275053304904051
0.8651799290420679	0.7279317697228145
0.8652482269503546	0.7283582089552239
0.8648785425101214	0.7287846481876332
0.8653164556962025	0.7287846481876332
0.8649468892261002	0.7292110874200426
0.8650151668351871	0.7296375266524521
0.8651515151515151	0.7304904051172708
0.8652875882946519	0.7313432835820896
0.8654233870967742	0.7321961620469084
0.8655589123867069	0.7330490405117271
0.8656265727226975	0.7334754797441365
0.8657616892911011	0.7343283582089553
