Precision	Recall
1.0	0.0
1.0	0.00042643923240938164
1.0	0.0008528784648187633
1.0	0.0012793176972281449
1.0	0.0017057569296375266
1.0	0.0021321961620469083
1.0	0.0025586353944562898
1.0	0.0029850746268656712
1.0	0.003411513859275053
1.0	0.003837953091684435
1.0	0.0042643923240938165
1.0	0.004690831556503198
1.0	0.0051172707889125795
1.0	0.005543710021321961
1.0	0.0059701492537313425
1.0	0.006396588486140724
1.0	0.006823027718550106
1.0	0.007249466950959488
1.0	0.00767590618336887
1.0	0.00810234541577825
1.0	0.008528784648187633
1.0	0.008955223880597015
1.0	0.009381663113006396
1.0	0.009808102345415777
1.0	0.010234541577825159
1.0	0.010660980810234541
1.0	0.011087420042643922
1.0	0.011513859275053304
1.0	0.011940298507462685
1.0	0.012366737739872069
1.0	0.012793176972281448
1.0	0.01321961620469083
1.0	0.013646055437100213
1.0	0.014072494669509593
1.0	0.014498933901918976
1.0	0.014925373134328358
1.0	0.01535181236673774
1.0	0.01577825159914712
1.0	0.0162046908315565
1.0	0.016631130063965886
1.0	0.017057569296375266
1.0	0.017484008528784647
1.0	0.01791044776119403
1.0	0.01833688699360341
1.0	0.018763326226012792
0.9782608695652174	0.019189765458422176
0.9787234042553191	0.019616204690831553
0.9791666666666666	0.020042643923240937
0.9795918367346939	0.020469083155650318
0.98	0.0208955223880597
0.9803921568627451	0.021321961620469083
0.9807692307692307	0.021748400852878463
0.9811320754716981	0.022174840085287844
0.9814814814814815	0.022601279317697228
0.9818181818181818	0.02302771855010661
0.9821428571428571	0.02345415778251599
0.9824561403508771	0.02388059701492537
0.9827586206896551	0.024307036247334754
0.9830508474576272	0.024733475479744138
0.9833333333333333	0.02515991471215352
0.9836065573770492	0.025586353944562896
0.9838709677419355	0.02601279317697228
0.9841269841269841	0.02643923240938166
0.984375	0.026865671641791045
0.9846153846153847	0.027292110874200425
0.9848484848484849	0.02771855010660981
0.9850746268656716	0.028144989339019186
0.9852941176470589	0.028571428571428567
0.9855072463768116	0.02899786780383795
0.9857142857142858	0.029424307036247332
0.9859154929577465	0.029850746268656716
0.9861111111111112	0.0302771855010661
0.9863013698630136	0.03070362473347548
0.9864864864864865	0.031130063965884858
0.9866666666666667	0.03155650319829424
0.9868421052631579	0.031982942430703626
0.987012987012987	0.032409381663113
0.9871794871794872	0.03283582089552239
0.9873417721518988	0.03326226012793177
0.9875	0.03368869936034115
0.9876543209876543	0.03411513859275053
0.9878048780487805	0.03454157782515991
0.9879518072289156	0.034968017057569294
0.9880952380952381	0.03539445628997868
0.9882352941176471	0.03582089552238806
0.9883720930232558	0.03624733475479744
0.9885057471264368	0.03667377398720682
0.9886363636363636	0.0371002132196162
0.9887640449438202	0.037526652452025584
0.9888888888888889	0.03795309168443497
0.989010989010989	0.03837953091684435
0.9891304347826086	0.03880597014925373
0.989247311827957	0.03923240938166311
0.9893617021276596	0.03965884861407249
0.9894736842105263	0.040085287846481875
0.9895833333333334	0.04051172707889126
0.9896907216494846	0.040938166311300636
0.9897959183673469	0.04136460554371002
0.98989898989899	0.0417910447761194
0.99	0.04221748400852878
0.9900990099009901	0.042643923240938165
0.9901960784313726	0.04307036247334755
0.9902912621359223	0.04349680170575693
0.9904761904761905	0.04434968017057569
0.9813084112149533	0.04477611940298507
0.9905660377358491	0.04477611940298507
0.9814814814814815	0.045202558635394456
0.981651376146789	0.04562899786780383
0.9818181818181818	0.04605543710021322
0.9732142857142857	0.0464818763326226
0.9734513274336283	0.04690831556503198
0.9736842105263158	0.04733475479744136
0.9739130434782609	0.04776119402985074
0.9741379310344828	0.048187633262260124
0.9743589743589743	0.04861407249466951
0.9745762711864406	0.049040511727078885
0.9747899159663865	0.049466950959488276
0.9754098360655737	0.050746268656716415
0.975609756097561	0.05117270788912579
0.9758064516129032	0.05159914712153518
0.976	0.05202558635394456
0.968503937007874	0.052452025586353944
0.96875	0.05287846481876332
0.9689922480620154	0.05330490405117271
0.9692307692307692	0.05373134328358209
0.9696969696969697	0.05458422174840085
0.9699248120300752	0.05501066098081023
0.9701492537313433	0.05543710021321962
0.9703703703703703	0.055863539445628996
0.9705882352941176	0.05628997867803837
0.9708029197080292	0.05671641791044776
0.9710144927536232	0.057142857142857134
0.9712230215827338	0.057569296375266525
0.9714285714285714	0.0579957356076759
0.9716312056737588	0.058422174840085286
0.971830985915493	0.058848614072494664
0.972027972027972	0.05927505330490404
0.9722222222222222	0.05970149253731343
0.9724137931034482	0.06012793176972281
0.9726027397260274	0.0605543710021322
0.9727891156462585	0.06098081023454158
0.972972972972973	0.06140724946695096
0.9731543624161074	0.06183368869936034
0.9733333333333334	0.062260127931769715
0.9735099337748344	0.0626865671641791
0.9736842105263158	0.06311300639658848
0.9738562091503268	0.06353944562899787
0.974025974025974	0.06396588486140725
0.9741935483870968	0.06439232409381662
0.9681528662420382	0.064818763326226
0.9683544303797469	0.06524520255863539
0.9685534591194969	0.06567164179104477
0.96875	0.06609808102345416
0.968944099378882	0.06652452025586354
0.9691358024691358	0.06695095948827291
0.9693251533742331	0.0673773987206823
0.9695121951219512	0.06780383795309168
0.9696969696969697	0.06823027718550106
0.9698795180722891	0.06865671641791045
0.9700598802395209	0.06908315565031982
0.9702380952380952	0.0695095948827292
0.9704142011834319	0.06993603411513859
0.9705882352941176	0.07036247334754797
0.9707602339181286	0.07078891257995736
0.9709302325581395	0.07121535181236673
0.9710982658959537	0.07164179104477612
0.9712643678160919	0.0720682302771855
0.9714285714285714	0.07249466950959488
0.9715909090909091	0.07292110874200426
0.9717514124293786	0.07334754797441365
0.9720670391061452	0.0742004264392324
0.9722222222222222	0.0746268656716418
0.9723756906077348	0.07505330490405117
0.9672131147540983	0.07547974413646055
0.967391304347826	0.07590618336886994
0.9675675675675676	0.0763326226012793
0.967741935483871	0.0767590618336887
0.9679144385026738	0.07718550106609808
0.9680851063829787	0.07761194029850746
0.9682539682539683	0.07803837953091684
0.968421052631579	0.07846481876332621
0.9685863874345549	0.07889125799573561
0.96875	0.07931769722814498
0.9689119170984456	0.07974413646055437
0.9690721649484536	0.08017057569296375
0.9692307692307692	0.08059701492537312
0.9693877551020408	0.08102345415778252
0.9695431472081218	0.08144989339019189
0.9696969696969697	0.08187633262260127
0.9698492462311558	0.08230277185501066
0.97	0.08272921108742004
0.9701492537313433	0.08315565031982942
0.9702970297029703	0.0835820895522388
0.9656862745098039	0.08400852878464819
0.9658536585365853	0.08443496801705756
0.961352657004831	0.08486140724946695
0.9615384615384616	0.08528784648187633
0.9617224880382775	0.0857142857142857
0.9619047619047619	0.0861407249466951
0.9620853080568721	0.08656716417910447
0.9622641509433962	0.08699360341151385
0.9624413145539906	0.08742004264392324
0.9626168224299065	0.08784648187633262
0.9627906976744186	0.088272921108742
0.9585253456221198	0.08869936034115138
0.9587155963302753	0.08912579957356076
0.958904109589041	0.08955223880597014
0.9590909090909091	0.08997867803837953
0.9592760180995475	0.09040511727078891
0.9594594594594594	0.09083155650319828
0.9596412556053812	0.09125799573560767
0.9598214285714286	0.09168443496801705
0.9557522123893806	0.09211087420042643
0.96	0.09211087420042643
0.9559471365638766	0.09253731343283582
0.956140350877193	0.0929637526652452
0.9563318777292577	0.09339019189765457
0.9565217391304348	0.09381663113006396
0.9567099567099567	0.09424307036247334
0.9568965517241379	0.09466950959488273
0.9570815450643777	0.09509594882729211
0.9572649572649573	0.09552238805970148
0.9574468085106383	0.09594882729211088
0.9576271186440678	0.09637526652452025
0.9578059071729957	0.09680170575692963
0.957983193277311	0.09722814498933902
0.9581589958158996	0.0976545842217484
0.9583333333333334	0.09808102345415777
0.9585062240663901	0.09850746268656715
0.9547325102880658	0.09893390191897655
0.9510204081632653	0.09936034115138591
0.9549180327868853	0.09936034115138591
0.9512195121951219	0.0997867803837953
0.951417004048583	0.10021321961620469
0.9477911646586346	0.10063965884861407
0.9516129032258065	0.10063965884861407
0.948	0.10106609808102344
0.9482071713147411	0.10149253731343283
0.9484126984126984	0.10191897654584221
0.9486166007905138	0.10234541577825158
0.9488188976377953	0.10277185501066097
0.9490196078431372	0.10319829424307037
0.94921875	0.10362473347547975
0.9494163424124513	0.10405117270788912
0.9496124031007752	0.1044776119402985
0.9498069498069498	0.10490405117270789
0.95	0.10533049040511726
0.9501915708812261	0.10575692963752664
0.950381679389313	0.10618336886993603
0.9505703422053232	0.10660980810234542
0.9507575757575758	0.10703624733475478
0.9509433962264151	0.10746268656716418
0.9511278195488722	0.10788912579957356
0.951310861423221	0.10831556503198293
0.9514925373134329	0.10874200426439232
0.9516728624535316	0.1091684434968017
0.9518518518518518	0.10959488272921107
0.9520295202952029	0.11002132196162046
0.9522058823529411	0.11044776119402985
0.9523809523809523	0.11087420042643924
0.9525547445255474	0.11130063965884861
0.9492753623188406	0.11172707889125799
0.9527272727272728	0.11172707889125799
0.9494584837545126	0.11215351812366738
0.9496402877697842	0.11257995735607675
0.9498207885304659	0.11300639658848613
0.95	0.11343283582089551
0.9501779359430605	0.11385927505330491
0.950530035335689	0.11471215351812367
0.9507042253521126	0.11513859275053305
0.9508771929824561	0.11556503198294242
0.951048951048951	0.1159914712153518
0.9512195121951219	0.11641791044776119
0.9513888888888888	0.11684434968017057
0.9482758620689655	0.11727078891257994
0.9484536082474226	0.11769722814498933
0.9486301369863014	0.11812366737739873
0.9488054607508533	0.11855010660980808
0.9489795918367347	0.11897654584221748
0.9491525423728814	0.11940298507462686
0.9493243243243243	0.11982942430703625
0.9494949494949495	0.12025586353944562
0.9496644295302014	0.120682302771855
0.9498327759197325	0.1211087420042644
0.9501661129568106	0.12196162046908315
0.9503311258278145	0.12238805970149254
0.9504950495049505	0.12281449893390192
0.9475409836065574	0.12324093816631129
0.9477124183006536	0.12366737739872068
0.9478827361563518	0.12409381663113006
0.9449838187702265	0.12452025586353943
0.948051948051948	0.12452025586353943
0.9451612903225807	0.12494669509594881
0.9453376205787781	0.1253731343283582
0.9455128205128205	0.12579957356076757
0.945859872611465	0.12665245202558634
0.946031746031746	0.12707889125799574
0.9462025316455697	0.1275053304904051
0.9463722397476341	0.1279317697228145
0.9465408805031447	0.12835820895522387
0.9467084639498433	0.12878464818763324
0.946875	0.12921108742004264
0.9470404984423676	0.129637526652452
0.9472049689440993	0.1300639658848614
0.9473684210526315	0.13049040511727078
0.9475308641975309	0.13091684434968015
0.9476923076923077	0.13134328358208955
0.9478527607361963	0.13176972281449892
0.9480122324159022	0.13219616204690832
0.948170731707317	0.1326226012793177
0.9483282674772037	0.13304904051172708
0.9484848484848485	0.13347547974413645
0.9486404833836858	0.13390191897654583
0.9487951807228916	0.13432835820895522
0.948948948948949	0.1347547974413646
0.9491017964071856	0.135181236673774
0.9492537313432836	0.13560767590618336
0.9494047619047619	0.13603411513859276
0.9495548961424333	0.13646055437100213
0.9497041420118343	0.1368869936034115
0.9498525073746312	0.1373134328358209
0.95	0.13773987206823027
0.9501466275659824	0.13816631130063964
0.9502923976608187	0.13859275053304904
0.9504373177842566	0.1390191897654584
0.9505813953488372	0.1394456289978678
0.9507246376811594	0.13987206823027717
0.9508670520231214	0.14029850746268657
0.9510086455331412	0.14072494669509594
0.9457142857142857	0.1411513859275053
0.9484240687679083	0.1411513859275053
0.9511494252873564	0.1411513859275053
0.9458689458689459	0.1415778251599147
0.9460227272727273	0.14200426439232408
0.9461756373937678	0.14243070362473345
0.9463276836158192	0.14285714285714285
0.9464788732394366	0.14328358208955225
0.9466292134831461	0.14371002132196162
0.9467787114845938	0.144136460554371
0.946927374301676	0.14456289978678039
0.947075208913649	0.14498933901918976
0.9472222222222222	0.14541577825159913
0.9473684210526315	0.14584221748400852
0.9475138121546961	0.14626865671641792
0.9476584022038568	0.1466950959488273
0.9478021978021978	0.14712153518123666
0.947945205479452	0.14754797441364606
0.9483695652173914	0.1488272921108742
0.948509485094851	0.1492537313432836
0.9486486486486486	0.14968017057569294
0.9487870619946092	0.15010660980810234
0.9489247311827957	0.15053304904051173
0.9490616621983914	0.1509594882729211
0.9491978609625669	0.15138592750533048
0.9493333333333334	0.15181236673773987
0.949468085106383	0.15223880597014924
0.9496021220159151	0.1526652452025586
0.9497354497354498	0.153091684434968
0.9498680738786279	0.1535181236673774
0.95	0.15394456289978675
0.9502617801047121	0.15479744136460555
0.9479166666666666	0.15522388059701492
0.948051948051948	0.1556503198294243
0.9481865284974094	0.1560767590618337
0.9483204134366925	0.15650319829424308
0.9484536082474226	0.15692963752665243
0.9485861182519281	0.15735607675906182
0.9462915601023018	0.15778251599147122
0.9464285714285714	0.1582089552238806
0.9465648854961832	0.15863539445628996
0.9467005076142132	0.15906183368869936
0.9444444444444444	0.15948827292110873
0.9445843828715366	0.1599147121535181
0.9447236180904522	0.1603411513859275
0.9448621553884712	0.1607675906183369
0.945	0.16119402985074624
0.9451371571072319	0.16162046908315564
0.945273631840796	0.16204690831556504
0.9454094292803971	0.1624733475479744
0.9455445544554455	0.16289978678038378
0.945679012345679	0.16332622601279317
0.9458128078817734	0.16375266524520254
0.9459459459459459	0.16417910447761191
0.946078431372549	0.1646055437100213
0.9462102689486552	0.1650319829424307
0.9463414634146341	0.16545842217484008
0.9464720194647201	0.16588486140724945
0.9467312348668281	0.16673773987206822
0.9468599033816425	0.1671641791044776
0.946987951807229	0.167590618336887
0.9471153846153846	0.16801705756929639
0.9473684210526315	0.16886993603411513
0.9474940334128878	0.16929637526652452
0.9476190476190476	0.1697228144989339
0.9477434679334917	0.17014925373134326
0.9478672985781991	0.17057569296375266
0.9479905437352246	0.17100213219616203
0.9458823529411765	0.1714285714285714
0.9460093896713615	0.1718550106609808
0.9461358313817331	0.1722814498933902
0.9462616822429907	0.17270788912579957
0.9441860465116279	0.17313432835820894
0.9463869463869464	0.17313432835820894
0.9443155452436195	0.17356076759061834
0.9422632794457275	0.1739872068230277
0.9423963133640553	0.17441364605543708
0.9425287356321839	0.17484008528784648
0.9426605504587156	0.17526652452025585
0.9427917620137299	0.17569296375266524
0.9429223744292238	0.1761194029850746
0.9430523917995444	0.176545842217484
0.9431818181818182	0.17697228144989338
0.9433106575963719	0.17739872068230275
0.9434389140271493	0.17782515991471215
0.9435665914221218	0.17825159914712152
0.9436936936936937	0.17867803837953092
0.9438202247191011	0.1791044776119403
0.9439461883408071	0.17953091684434966
0.9440715883668904	0.17995735607675906
0.9441964285714286	0.18038379530916843
0.9443207126948775	0.18081023454157782
0.9444444444444444	0.1812366737739872
0.9445676274944568	0.18166311300639656
0.9426048565121413	0.18208955223880596
0.9446902654867256	0.18208955223880596
0.9406593406593406	0.18251599147121533
0.9387308533916849	0.18294243070362473
0.9388646288209607	0.1833688699360341
0.9389978213507625	0.1837953091684435
0.9391304347826087	0.18422174840085287
0.9393939393939394	0.18507462686567164
0.9395248380129589	0.185501066098081
0.9396551724137931	0.1859275053304904
0.9377682403433476	0.18635394456289978
0.9379014989293362	0.18678038379530915
0.938034188034188	0.18720682302771854
0.9363057324840764	0.1880597014925373
0.9382978723404255	0.1880597014925373
0.9344608879492601	0.18848614072494668
0.9327731092436975	0.18933901918976545
0.9347368421052632	0.18933901918976545
0.9329140461215933	0.18976545842217482
0.9330543933054394	0.19019189765458422
0.9331941544885177	0.1906183368869936
0.9333333333333333	0.19104477611940296
0.9334719334719335	0.19147121535181236
0.9336099585062241	0.19189765458422176
0.9337474120082816	0.19232409381663113
0.9338842975206612	0.1927505330490405
0.934020618556701	0.1931769722814499
0.934156378600823	0.19360341151385926
0.9342915811088296	0.19402985074626863
0.9344262295081968	0.19445628997867803
0.934560327198364	0.19488272921108743
0.9346938775510204	0.1953091684434968
0.9329268292682927	0.19573560767590614
0.9348268839103869	0.19573560767590614
0.9330628803245437	0.19616204690831554
0.9331983805668016	0.19658848614072494
0.9334677419354839	0.1974413646055437
0.9337349397590361	0.19829424307036247
0.9338677354709419	0.19872068230277182
0.934	0.19914712153518122
0.9341317365269461	0.1995735607675906
0.9343936381709742	0.20042643923240938
0.9345238095238095	0.20085287846481875
0.9346534653465347	0.20127931769722815
0.9349112426035503	0.2021321961620469
0.9350393700787402	0.20255863539445626
0.9351669941060904	0.20298507462686566
0.9352941176470588	0.20341151385927506
0.9354207436399217	0.20383795309168443
0.935546875	0.20426439232409382
0.935672514619883	0.20469083155650317
0.9357976653696498	0.20511727078891256
0.9359223300970874	0.20554371002132193
0.936046511627907	0.20597014925373133
0.9361702127659575	0.20639658848614073
0.9362934362934363	0.2068230277185501
0.9364161849710982	0.2072494669509595
0.9365384615384615	0.20767590618336884
0.9366602687140115	0.20810234541577824
0.9367816091954023	0.2085287846481876
0.9369024856596558	0.208955223880597
0.9370229007633588	0.2093816631130064
0.9371428571428572	0.20980810234541578
0.9372623574144486	0.21023454157782517
0.937381404174573	0.21066098081023452
0.9375	0.21108742004264391
0.9376181474480151	0.21151385927505328
0.9379699248120301	0.21279317697228145
0.9380863039399625	0.21321961620469085
0.9382022471910112	0.2136460554371002
0.9383177570093458	0.21407249466950956
0.9384328358208955	0.21449893390191896
0.9385474860335196	0.21492537313432836
0.9386617100371747	0.21535181236673773
0.9387755102040817	0.21577825159914713
0.9388888888888889	0.21620469083155652
0.9390018484288355	0.21663113006396587
0.9391143911439115	0.21705756929637524
0.9392265193370166	0.21748400852878463
0.9393382352941176	0.21791044776119403
0.9394495412844037	0.2183368869936034
0.9396709323583181	0.21918976545842214
0.9397810218978102	0.21961620469083154
0.9398907103825137	0.2200426439232409
0.94	0.2204690831556503
0.9401088929219601	0.2208955223880597
0.9402173913043478	0.22132196162046908
0.9403254972875226	0.22174840085287847
0.9404332129963899	0.22217484008528782
0.9405405405405406	0.22260127931769721
0.9406474820143885	0.22302771855010659
0.940754039497307	0.22345415778251598
0.9408602150537635	0.22388059701492535
0.9409660107334525	0.22430703624733475
0.9414893617021277	0.22643923240938166
0.9415929203539823	0.22686567164179103
0.941696113074205	0.22729211087420043
0.9417989417989417	0.22771855010660982
0.9419014084507042	0.22814498933901917
0.9420035149384886	0.22857142857142854
0.9404553415061296	0.22899786780383793
0.9405594405594405	0.22942430703624733
0.9406631762652705	0.2298507462686567
0.9358752166377816	0.2302771855010661
0.9375	0.2302771855010661
0.9391304347826087	0.2302771855010661
0.9359861591695502	0.2307036247334755
0.9360967184801382	0.23113006396588484
0.9362068965517242	0.2315565031982942
0.9363166953528399	0.2319829424307036
0.936426116838488	0.232409381663113
0.9365351629502573	0.23283582089552238
0.9366438356164384	0.23326226012793178
0.9367521367521368	0.23368869936034115
0.9368600682593856	0.23411513859275052
0.9369676320272572	0.23454157782515989
0.9370748299319728	0.23496801705756928
0.9371816638370118	0.23539445628997865
0.9372881355932203	0.23582089552238805
0.937394247038917	0.23624733475479745
0.9375	0.23667377398720682
0.9376053962900506	0.23710021321961616
0.9377104377104377	0.23752665245202556
0.9378151260504202	0.23795309168443496
0.9348914858096828	0.23880597014925373
0.935	0.23923240938166312
0.9351081530782029	0.2396588486140725
0.9352159468438538	0.24008528784648184
0.9353233830845771	0.24051172707889124
0.9354304635761589	0.24093816631130063
0.9356435643564357	0.2417910447761194
0.9357495881383855	0.2422174840085288
0.9343185550082101	0.24264392324093817
0.9358552631578947	0.24264392324093817
0.9344262295081968	0.2430703624733475
0.9345335515548282	0.2434968017057569
0.934640522875817	0.2439232409381663
0.9332247557003257	0.24434968017057568
0.9333333333333333	0.24477611940298508
0.9334415584415584	0.24520255863539445
0.93354943273906	0.24562899786780384
0.9336569579288025	0.2460554371002132
0.9337641357027464	0.24648187633262258
0.9338709677419355	0.24690831556503195
0.9339774557165862	0.24733475479744135
0.9325842696629213	0.24776119402985075
0.9326923076923077	0.24818763326226012
0.9328	0.24861407249466946
0.9329073482428115	0.24904051172707886
0.9330143540669856	0.24946695095948826
0.931637519872814	0.24989339019189763
0.9331210191082803	0.24989339019189763
0.9317460317460318	0.250319829424307
0.9318541996830428	0.2507462686567164
0.9319620253164557	0.2511727078891258
0.9320695102685624	0.25159914712153514
0.9321766561514195	0.2520255863539445
0.9322834645669291	0.25245202558635393
0.9309262166405023	0.2528784648187633
0.9310344827586207	0.2533049040511727
0.9311424100156495	0.2537313432835821
0.93125	0.25415778251599147
0.9313572542901716	0.25458422174840084
0.9314641744548287	0.2550106609808102
0.9315707620528771	0.2554371002132196
0.9316770186335404	0.255863539445629
0.9303405572755418	0.2562899786780384
0.9305555555555556	0.2571428571428572
0.9306625577812019	0.2575692963752665
0.9307692307692308	0.25799573560767586
0.9308755760368663	0.2584221748400853
0.9309815950920245	0.25884861407249465
0.9310872894333844	0.259275053304904
0.9311926605504587	0.25970149253731345
0.9312977099236641	0.2601279317697228
0.9300911854103343	0.26098081023454156
0.9301972685887708	0.26140724946695093
0.9303030303030303	0.2618336886993603
0.9290030211480362	0.2622601279317697
0.9304084720121029	0.2622601279317697
0.9291101055806938	0.2626865671641791
0.9292168674698795	0.26311300639658847
0.9293233082706767	0.26353944562899784
0.9280359820089955	0.2639658848614072
0.9294294294294294	0.2639658848614072
0.9281437125748503	0.26439232409381663
0.9282511210762332	0.264818763326226
0.9283582089552239	0.2652452025586354
0.9284649776453056	0.2656716417910448
0.9287833827893175	0.2669509594882729
0.9288888888888889	0.2673773987206823
0.9276218611521418	0.26780383795309165
0.9277286135693216	0.2682302771855011
0.9278350515463918	0.26865671641791045
0.9279411764705883	0.2690831556503198
0.9281524926686217	0.26993603411513856
0.9282576866764275	0.270362473347548
0.9283625730994152	0.27078891257995735
0.9284671532846716	0.2712153518123667
0.9285714285714286	0.2716417910447761
0.9286754002911208	0.2720682302771855
0.9287790697674418	0.27249466950959483
0.9288824383164006	0.27292110874200426
0.9276410998552822	0.27334754797441363
0.9289855072463769	0.27334754797441363
0.9277456647398844	0.273773987206823
0.9278499278499278	0.2742004264392324
0.9279538904899135	0.2746268656716418
0.9280575539568345	0.27505330490405117
0.9281609195402298	0.27547974413646054
0.9282639885222381	0.2759061833688699
0.9283667621776505	0.2763326226012793
0.9284692417739628	0.2767590618336887
0.9285714285714286	0.2771855010660981
0.9286733238231099	0.27761194029850744
0.9287749287749287	0.2780383795309168
0.9288762446657184	0.2784648187633262
0.9289772727272727	0.2788912579957356
0.9290780141843972	0.279317697228145
0.9292786421499293	0.2801705756929638
0.9293785310734464	0.28059701492537314
0.9294781382228491	0.28102345415778246
0.9295774647887324	0.2814498933901919
0.929676511954993	0.28187633262260126
0.9298737727910238	0.28272921108742005
0.9299719887955182	0.2831556503198294
0.9300699300699301	0.2835820895522388
0.9301675977653632	0.28400852878464816
0.9289693593314763	0.28443496801705753
0.9302649930264993	0.28443496801705753
0.9290681502086231	0.2848614072494669
0.9291666666666667	0.28528784648187633
0.9292649098474342	0.2857142857142857
0.9293628808864266	0.28614072494669507
0.9294605809128631	0.2865671641791045
0.9295580110497238	0.2869936034115138
0.9296551724137931	0.28742004264392323
0.9297520661157025	0.2878464818763326
0.9298486932599724	0.288272921108742
0.929945054945055	0.2886993603411514
0.9300411522633745	0.28912579957356077
0.9301369863013699	0.28955223880597014
0.9302325581395349	0.2899786780383795
0.930327868852459	0.2904051172707889
0.9304229195088677	0.29083155650319825
0.9305177111716622	0.2912579957356077
0.9306122448979591	0.29168443496801705
0.9307065217391305	0.2921108742004264
0.9308005427408412	0.29253731343283584
0.9308943089430894	0.29296375266524516
0.9309878213802436	0.2933901918976546
0.9310810810810811	0.29381663113006395
0.9311740890688259	0.2942430703624733
0.9300134589502019	0.2946695095948827
0.9302013422818792	0.2955223880597015
0.9302949061662198	0.29594882729211086
0.9303882195448461	0.29637526652452023
0.93048128342246	0.2968017057569296
0.9305740987983978	0.297228144989339
0.9306666666666666	0.2976545842217484
0.9307589880159787	0.29808102345415777
0.9308510638297872	0.2985074626865672
0.9309428950863213	0.2989339019189765
0.9310344827586207	0.2993603411513859
0.9311258278145695	0.2997867803837953
0.9312169312169312	0.3002132196162047
0.9313077939233818	0.30063965884861404
0.9313984168865436	0.30106609808102347
0.9314888010540184	0.30149253731343284
0.9315789473684211	0.3019189765458422
0.9316688567674113	0.3023454157782516
0.931758530183727	0.30277185501066095
0.9318479685452162	0.3031982942430704
0.9319371727748691	0.30362473347547975
0.9320261437908497	0.3040511727078891
0.9321148825065274	0.3044776119402985
0.9322033898305084	0.30490405117270786
0.9322916666666666	0.3053304904051172
0.9324675324675324	0.306183368869936
0.9302325581395349	0.3070362473347548
0.9326424870466321	0.3070362473347548
0.9304123711340206	0.3078891257995735
0.9305019305019305	0.30831556503198293
0.9306803594351734	0.30916844349680167
0.9309462915601023	0.31044776119402984
0.9310344827586207	0.3108742004264392
0.9311224489795918	0.3113006396588486
0.9312101910828026	0.311727078891258
0.9312977099236641	0.3121535181236674
0.9313850063532402	0.31257995735607674
0.9314720812182741	0.31300639658848617
0.9315589353612167	0.3134328358208955
0.9316455696202531	0.31385927505330485
0.93173198482933	0.3142857142857143
0.9318181818181818	0.31471215351812365
0.9319041614123581	0.315138592750533
0.9319899244332494	0.31556503198294245
0.9320754716981132	0.3159914712153518
0.9321608040201005	0.3164179104477612
0.9322459222082811	0.31684434968017056
0.9323308270676691	0.3172707889125799
0.93125	0.3176972281449893
0.9313358302122348	0.3181236673773987
0.9314214463840399	0.3185501066098081
0.9315068493150684	0.31897654584221746
0.931592039800995	0.31940298507462683
0.9316770186335404	0.3198294243070362
0.9317617866004962	0.32025586353944563
0.9318463444857497	0.320682302771855
0.931930693069307	0.32110874200426437
0.9320148331273177	0.3215351812366738
0.9320987654320988	0.32196162046908317
0.9321824907521579	0.3223880597014925
0.9322660098522167	0.3228144989339019
0.932349323493235	0.3232409381663113
0.9324324324324325	0.32366737739872065
0.9325153374233128	0.32409381663113007
0.9325980392156863	0.32452025586353944
0.9326805385556916	0.3249466950959488
0.9327628361858191	0.3253731343283582
0.9328449328449329	0.32579957356076755
0.9317904993909866	0.326226012793177
0.9318734793187348	0.32665245202558635
0.9319562575941677	0.3270788912579957
0.9320388349514563	0.3275053304904051
0.9321212121212121	0.3279317697228145
0.9322033898305084	0.32835820895522383
0.932285368802902	0.32878464818763325
0.9323671497584541	0.3292110874200426
0.9324487334137516	0.329637526652452
0.9325301204819277	0.3300639658848614
0.9326113116726835	0.3304904051172708
0.9326923076923077	0.33091684434968016
0.9327731092436975	0.33134328358208953
0.9328537170263789	0.3317697228144989
0.932934131736527	0.33219616204690827
0.9330143540669856	0.3326226012793177
0.9331742243436754	0.33347547974413644
0.933253873659118	0.3339019189765458
0.9333333333333333	0.3343283582089552
0.9334126040428062	0.3347547974413646
0.9334916864608076	0.335181236673774
0.933570581257414	0.33560767590618334
0.933649289099526	0.33603411513859277
0.9326241134751773	0.33646055437100214
0.9316037735849056	0.33688699360341146
0.9327036599763873	0.33688699360341146
0.9305882352941176	0.3373134328358209
0.9316843345111896	0.3373134328358209
0.9306698002350177	0.33773987206823025
0.9307511737089202	0.3381663113006396
0.9298245614035088	0.3390191897654584
0.9309133489461359	0.3390191897654584
0.9299065420560748	0.3394456289978678
0.9299883313885647	0.33987206823027716
0.9300699300699301	0.34029850746268653
0.930151338766007	0.3407249466950959
0.9302325581395349	0.3411513859275053
0.9303135888501742	0.3415778251599147
0.9303944315545244	0.34200426439232406
0.9285714285714286	0.3437100213219616
0.9286536248561565	0.34413646055437097
0.9287356321839081	0.3445628997867804
0.928817451205511	0.34498933901918977
0.9278350515463918	0.34541577825159914
0.9279176201372997	0.3458422174840085
0.928	0.3462686567164179
0.928082191780822	0.34669509594882725
0.928164196123147	0.3471215351812367
0.928246013667426	0.34754797441364604
0.9283276450511946	0.3479744136460554
0.928409090909091	0.34840085287846484
0.9284903518728718	0.34882729211087415
0.9285714285714286	0.3492537313432835
0.928652321630804	0.34968017057569295
0.9288135593220339	0.3505330490405117
0.9288939051918735	0.3509594882729211
0.9289740698985344	0.3513859275053305
0.9290540540540541	0.35181236673773986
0.9291338582677166	0.3522388059701492
0.9292134831460674	0.3526652452025586
0.9292929292929293	0.353091684434968
0.929372197309417	0.3535181236673774
0.9263392857142857	0.35394456289978676
0.9273743016759777	0.35394456289978676
0.9294512877939529	0.35394456289978676
0.9264214046822743	0.3543710021321962
0.9265850945494994	0.3552238805970149
0.9266666666666666	0.3556503198294243
0.9267480577136515	0.35607675906183367
0.926829268292683	0.35650319829424304
0.9269102990033222	0.35692963752665247
0.9269911504424779	0.35735607675906184
0.9270718232044199	0.3577825159914712
0.9272326350606395	0.35863539445628995
0.9262926292629263	0.3590618336886993
0.9273127753303965	0.3590618336886993
0.9263736263736264	0.35948827292110874
0.9264544456641054	0.3599147121535181
0.9265350877192983	0.3603411513859275
0.9266155531215772	0.36076759061833685
0.926775956284153	0.36162046908315565
0.9268558951965066	0.362046908315565
0.9269356597600873	0.3624733475479744
0.9270946681175191	0.36332622601279313
0.9271739130434783	0.3637526652452025
0.9272529858849077	0.3641791044776119
0.9273318872017353	0.3646055437100213
0.9274106175514626	0.36503198294243067
0.9274891774891775	0.3654584221748401
0.9275675675675675	0.36588486140724946
0.927645788336933	0.36631130063965883
0.9277238403451996	0.3667377398720682
0.927801724137931	0.3671641791044776
0.9278794402583423	0.367590618336887
0.9279569892473118	0.36801705756929637
0.9280343716433942	0.36844349680170574
0.9281115879828327	0.3688699360341151
0.9281886387995713	0.3692963752665245
0.9282655246252677	0.36972281449893385
0.9283422459893048	0.3701492537313433
0.928495197438634	0.371002132196162
0.9285714285714286	0.37142857142857144
0.9286474973375932	0.3718550106609808
0.9287234042553192	0.3722814498933901
0.9278897136797455	0.3731343283582089
0.9288747346072187	0.3731343283582089
0.926984126984127	0.3735607675906183
0.927061310782241	0.3739872068230277
0.9271383315733897	0.3744136460554371
0.9274447949526814	0.3761194029850746
0.9275210084033614	0.376545842217484
0.9275970619097587	0.37697228144989336
0.9276729559748428	0.3773987206823028
0.9277486910994764	0.37782515991471216
0.9278242677824268	0.3782515991471215
0.9279749478079332	0.37910447761194027
0.9280500521376434	0.37953091684434964
0.9261954261954262	0.37995735607675907
0.928125	0.37995735607675907
0.9262720664589823	0.38038379530916844
0.9264248704663213	0.3812366737739872
0.9255429162357808	0.38166311300639655
0.9265010351966874	0.38166311300639655
0.9256965944272446	0.38251599147121534
0.9257731958762887	0.3829424307036247
0.925849639546859	0.3833688699360341
0.9259259259259259	0.3837953091684435
0.9250513347022588	0.3842217484008528
0.9251282051282051	0.38464818763326225
0.9252049180327869	0.3850746268656716
0.925281473899693	0.385501066098081
0.9253578732106339	0.3859275053304904
0.9254341164453525	0.3863539445628998
0.9255102040816326	0.38678038379530916
0.9255861365953109	0.3872068230277185
0.9247202441505595	0.3876332622601279
0.9247967479674797	0.38805970149253727
0.9248730964467005	0.3884861407249467
0.9249492900608519	0.38891257995735606
0.9250253292806484	0.38933901918976543
0.9251012145748988	0.38976545842217486
0.9251769464105156	0.3901918976545842
0.9252525252525252	0.3906183368869936
0.9253279515640767	0.39104477611940297
0.9254032258064516	0.3914712153518123
0.9254783484390735	0.3918976545842217
0.9246231155778895	0.3923240938166311
0.9255533199195171	0.3923240938166311
0.9246987951807228	0.39275053304904045
0.9238476953907816	0.3931769722814499
0.9247743229689067	0.3931769722814499
0.923923923923924	0.39360341151385925
0.9240759240759241	0.39445628997867804
0.9241516966067864	0.3948827292110874
0.9242273180458624	0.3953091684434968
0.9243027888446215	0.3957356076759062
0.9243781094527364	0.3961620469083156
0.9244532803180915	0.39658848614072495
0.9245283018867925	0.3970149253731344
0.9246031746031746	0.39744136460554363
0.9246778989098117	0.39786780383795306
0.923837784371909	0.39829424307036243
0.9239130434782609	0.3987206823027718
0.9239881539980257	0.3991471215351812
0.9231527093596059	0.3995735607675906
0.9232283464566929	0.39999999999999997
0.9233038348082596	0.4004264392324094
0.9233791748526523	0.40085287846481876
0.9235294117647059	0.4017057569296375
0.9236043095004897	0.40213219616204693
0.923679060665362	0.4025586353944563
0.9237536656891495	0.40298507462686567
0.9229268292682927	0.403411513859275
0.923828125	0.403411513859275
0.9230769230769231	0.4042643923240938
0.9231517509727627	0.40469083155650315
0.923226433430515	0.4051172707889125
0.9233009708737864	0.40554371002132195
0.9233753637245393	0.4059701492537313
0.9234496124031008	0.4063965884861407
0.9235237173281704	0.4068230277185501
0.9235976789168279	0.4072494669509595
0.923671497584541	0.40767590618336885
0.9237451737451737	0.4081023454157783
0.9229287090558767	0.40852878464818765
0.9238187078109933	0.40852878464818765
0.9230028873917228	0.40895522388059696
0.9230769230769231	0.40938166311300633
0.9231508165225745	0.4098081023454157
0.9232245681381958	0.41023454157782513
0.9232981783317353	0.4106609808102345
0.9233716475095786	0.41108742004264387
0.9234449760765551	0.4115138592750533
0.9235181644359465	0.41194029850746267
0.9236641221374046	0.41279317697228146
0.9237368922783603	0.41321961620469083
0.922930542340628	0.4136460554371002
0.9238095238095239	0.4136460554371002
0.9230038022813688	0.4140724946695096
0.9231499051233396	0.4149253731343283
0.9232227488151659	0.4153518123667377
0.9232954545454546	0.41577825159914705
0.923368022705771	0.4162046908315565
0.9234404536862004	0.41663113006396585
0.9235127478753541	0.4170575692963752
0.9235849056603773	0.41748400852878464
0.9219924812030075	0.4183368869936034
0.9220657276995305	0.4187633262260128
0.9221388367729831	0.4191897654584222
0.922211808809747	0.41961620469083155
0.9222846441947565	0.420042643923241
0.9223573433115061	0.42046908315565035
0.922429906542056	0.42089552238805966
0.9225023342670402	0.42132196162046903
0.9225746268656716	0.4217484008528784
0.9226467847157502	0.42217484008528783
0.9227188081936686	0.4226012793176972
0.9227906976744186	0.42302771855010657
0.9211502782931354	0.423454157782516
0.9220055710306406	0.423454157782516
0.9228624535315985	0.423454157782516
0.9212962962962963	0.42430703624733473
0.9213691026827012	0.4247334754797441
0.9214417744916821	0.42515991471215353
0.9215143120960295	0.4255863539445629
0.9215867158671587	0.42601279317697227
0.9216589861751152	0.4264392324093817
0.921731123388582	0.42686567164179096
0.921803127874885	0.4272921108742004
0.921875	0.42771855010660975
0.9219467401285583	0.4281449893390191
0.9220183486238532	0.42857142857142855
0.922089825847846	0.4289978678038379
0.9221611721611722	0.4294243070362473
0.9222323879231473	0.4298507462686567
0.9214611872146119	0.4302771855010661
0.9223034734917733	0.4302771855010661
0.9206927985414768	0.43070362473347545
0.9207650273224044	0.4311300639658849
0.9208371246587808	0.43155650319829425
0.9209090909090909	0.4319829424307036
0.9209809264305178	0.43240938166311305
0.9210526315789473	0.4328358208955223
0.9211242067089755	0.43326226012793173
0.9211956521739131	0.4336886993603411
0.9212669683257918	0.43411513859275047
0.9213381555153707	0.4345415778251599
0.9214092140921409	0.43496801705756927
0.9214801444043321	0.43539445628997864
0.9215509467989179	0.43582089552238806
0.9216216216216216	0.43624733475479743
0.921832884097035	0.4375266524520256
0.921903052064632	0.43795309168443497
0.9219730941704036	0.4383795309168443
0.91875	0.43880597014925365
0.9188224799286352	0.4392324093816631
0.9188948306595366	0.43965884861407245
0.918967052537845	0.4400852878464818
0.9182222222222223	0.44051172707889125
0.9182948490230906	0.4409381663113006
0.9183673469387755	0.44136460554371
0.9184397163120568	0.4417910447761194
0.9185119574844995	0.4422174840085288
0.9185840707964602	0.44264392324093815
0.918656056587091	0.4430703624733476
0.9187279151943463	0.44349680170575695
0.9187996469549867	0.4439232409381663
0.9180616740088106	0.44434968017057563
0.9181338028169014	0.444776119402985
0.9182058047493403	0.44520255863539443
0.9182776801405975	0.4456289978678038
0.9184210526315789	0.44648187633262254
0.9184925503943909	0.44690831556503197
0.9185639229422067	0.44733475479744134
0.9186351706036745	0.4477611940298507
0.9179039301310044	0.44818763326226013
0.9179755671902269	0.4486140724946695
0.9180470793374019	0.4490405117270789
0.9181184668989547	0.4494669509594883
0.918189730200174	0.44989339019189767
0.9182608695652174	0.450319829424307
0.9183318853171155	0.45074626865671635
0.9184027777777778	0.4511727078891257
0.9184735472679966	0.45159914712153515
0.9186147186147187	0.4524520255863539
0.9186851211072664	0.4528784648187633
0.9187554019014693	0.4533049040511727
0.918825561312608	0.45373134328358206
0.9188955996548749	0.4541577825159915
0.9190353143841516	0.4550106609808102
0.919104991394148	0.45543710021321965
0.9191745485812554	0.455863539445629
0.9192439862542955	0.45628997867803833
0.91931330472103	0.4567164179104477
0.9193825042881647	0.4571428571428571
0.919451585261354	0.4575692963752665
0.9195205479452054	0.45799573560767587
0.9195893926432849	0.45842217484008524
0.9197267292912041	0.45927505330490404
0.9197952218430034	0.4597014925373134
0.9198635976129582	0.46012793176972283
0.919931856899489	0.4605543710021322
0.92	0.46098081023454157
0.9203389830508475	0.4631130063965884
0.9204064352243861	0.46353944562899785
0.9204737732656514	0.4639658848614072
0.9205409974640744	0.4643923240938166
0.9206081081081081	0.464818763326226
0.920675105485232	0.4652452025586354
0.9207419898819561	0.46567164179104475
0.9179229480737019	0.4673773987206823
0.9179916317991632	0.4678038379530916
0.9180602006688964	0.46823027718550103
0.9181286549707602	0.4686567164179104
0.9181969949916527	0.46908315565031977
0.9182652210175146	0.46950959488272914
0.9183333333333333	0.46993603411513857
0.9184013322231473	0.47036247334754794
0.9186046511627907	0.4716417910447761
0.917910447761194	0.4720682302771855
0.9186721991701244	0.4720682302771855
0.9179784589892295	0.4724946695095949
0.9157720891824938	0.47292110874200427
0.918046357615894	0.47292110874200427
0.9158415841584159	0.47334754797441364
0.9159109645507008	0.47377398720682296
0.9159802306425041	0.4742004264392323
0.9160493827160494	0.47462686567164175
0.9161184210526315	0.4750533049040511
0.9161873459326212	0.4754797441364605
0.916256157635468	0.4759061833688699
0.9163248564397046	0.4763326226012793
0.9163934426229509	0.47675906183368866
0.9164619164619164	0.4771855010660981
0.9165302782324058	0.47761194029850745
0.9165985282093213	0.4780383795309168
0.9166666666666666	0.47846481876332625
0.916734693877551	0.4788912579957356
0.9168026101141925	0.479317697228145
0.9168704156479217	0.4797441364605543
0.9169381107491856	0.4801705756929637
0.9170056956875509	0.4805970149253731
0.9170731707317074	0.48102345415778247
0.917140536149472	0.48144989339019184
0.9172077922077922	0.48187633262260127
0.9172749391727494	0.48230277185501064
0.9173419773095624	0.48272921108742
0.9166666666666666	0.48315565031982943
0.9167340339531124	0.4835820895522388
0.9168012924071083	0.4840085287846482
0.9168684422921711	0.4844349680170576
0.9169354838709678	0.48486140724946697
0.9170024174053183	0.48528784648187634
0.917135961383749	0.486140724946695
0.9172025723472669	0.48656716417910445
0.9172690763052209	0.4869936034115138
0.9173354735152488	0.4874200426439232
0.917401764234162	0.4878464818763326
0.9174679487179487	0.488272921108742
0.9175340272217775	0.48869936034115136
0.9176	0.4891257995735607
0.9169329073482428	0.48955223880597015
0.9169992019154031	0.4899786780383795
0.9170653907496013	0.4904051172707889
0.9171314741035856	0.4908315565031983
0.9171974522292994	0.4912579957356077
0.9165341812400636	0.491684434968017
0.9166004765687054	0.4921108742004264
0.9166666666666666	0.49253731343283574
0.9167327517842981	0.49296375266524517
0.9167987321711569	0.49339019189765454
0.9168646080760094	0.4938166311300639
0.9169303797468354	0.49424307036247334
0.9170616113744076	0.4950959488272921
0.9171270718232044	0.4955223880597015
0.917192429022082	0.49594882729211087
0.91725768321513	0.49637526652452024
0.9173878835562549	0.4972281449893389
0.9175176747839748	0.4980810234541577
0.9176470588235294	0.4989339019189765
0.9177115987460815	0.4993603411513859
0.9179046129788898	0.500639658848614
0.91796875	0.5010660980810234
0.9180327868852459	0.5014925373134328
0.9180967238689548	0.5019189765458422
0.9181605611847233	0.5023454157782516
0.9182242990654206	0.502771855010661
0.9182879377431906	0.5031982942430703
0.9183514774494557	0.5036247334754796
0.9184149184149184	0.504051172707889
0.9184782608695652	0.5044776119402985
0.9185415050426687	0.5049040511727079
0.9178931061192874	0.5053304904051172
0.9186046511627907	0.5053304904051172
0.9179566563467493	0.5057569296375266
0.9180201082753287	0.506183368869936
0.9173745173745174	0.5066098081023453
0.9174382716049383	0.5070362473347548
0.9168591224018475	0.5078891257995736
0.916923076923077	0.5083155650319829
0.9169869331283628	0.5087420042643923
0.9170506912442397	0.5091684434968017
0.9171779141104295	0.5100213219616204
0.9172413793103448	0.5104477611940298
0.9173047473200613	0.5108742004264392
0.9173680183626626	0.5113006396588485
0.9167303284950343	0.511727078891258
0.916793893129771	0.5121535181236674
0.9168573607932876	0.5125799573560768
0.916920731707317	0.5130063965884861
0.9170471841704718	0.5138592750533049
0.9171102661596958	0.5142857142857143
0.9164768413059985	0.5147121535181237
0.9158453373768006	0.515138592750533
0.9165402124430956	0.515138592750533
0.9159090909090909	0.5155650319829423
0.9159727479182438	0.5159914712153517
0.916036308623298	0.5164179104477612
0.9160997732426304	0.5168443496801706
0.9161631419939577	0.5172707889125799
0.9162264150943397	0.5176972281449893
0.916289592760181	0.5181236673773987
0.9163526752072344	0.518550106609808
0.9164156626506024	0.5189765458422175
0.9164785553047404	0.5194029850746269
0.9165413533834587	0.5198294243070363
0.9166040570999249	0.5202558635394456
0.9167291822955739	0.5211087420042644
0.9167916041979011	0.5215351812366738
0.9155455904334828	0.5223880597014925
0.9156086631814787	0.5228144989339019
0.9156716417910448	0.5232409381663112
0.9157345264727815	0.5236673773987206
0.9157973174366617	0.5240938166311301
0.9159226190476191	0.5249466950959488
0.9159851301115242	0.5253731343283582
0.9160475482912332	0.5257995735607676
0.9161098737936154	0.5262260127931769
0.916234247590808	0.5270788912579957
0.9162962962962963	0.527505330490405
0.9163582531458179	0.5279317697228144
0.9164201183431953	0.5283582089552238
0.914580265095729	0.529637526652452
0.9146431199411332	0.5300639658848614
0.9147058823529411	0.5304904051172707
0.9147685525349009	0.5309168443496801
0.9148311306901615	0.5313432835820896
0.9148936170212766	0.531769722814499
0.915018315018315	0.5326226012793176
0.9150805270863837	0.533049040511727
0.9151426481346013	0.5334754797441364
0.9152046783625731	0.5339019189765458
0.9152666179693206	0.5343283582089552
0.9153284671532846	0.5347547974413646
0.9153902261123268	0.5351812366737739
0.9154518950437318	0.5356076759061833
0.9155749636098981	0.5364605543710022
0.9156363636363636	0.5368869936034115
0.9156976744186046	0.5373134328358209
0.915758896151053	0.5377398720682303
0.9158200290275762	0.5381663113006396
0.9158810732414794	0.538592750533049
0.9152787834902245	0.5390191897654584
0.9159420289855073	0.5390191897654584
0.9153400868306801	0.5394456289978677
0.9154013015184381	0.5398720682302771
0.9154624277456648	0.5402985074626865
0.9155234657039711	0.540724946695096
0.9136069114470843	0.5411513859275053
0.9136690647482014	0.5415778251599147
0.9137311286843998	0.5420042643923241
0.9137931034482759	0.5424307036247334
0.9138549892318737	0.5428571428571428
0.9139167862266858	0.5432835820895522
0.9140401146131805	0.544136460554371
0.9141016463851109	0.5445628997867803
0.9141630901287554	0.5449893390191897
0.9142244460328807	0.545415778251599
0.9144079885877318	0.5466950959488273
0.9145299145299145	0.547547974413646
0.9145907473309609	0.5479744136460554
0.914651493598862	0.5484008528784649
0.9147121535181236	0.5488272921108742
0.9147727272727273	0.5492537313432836
0.914833215046132	0.549680170575693
0.9148936170212766	0.5501066098081023
0.9149539333805812	0.5505330490405117
0.9143665958952583	0.5509594882729211
0.9144876325088339	0.5518123667377398
0.91454802259887	0.5522388059701492
0.9146083274523642	0.5526652452025586
0.9146685472496474	0.553091684434968
0.9147286821705426	0.5535181236673774
0.9147887323943662	0.5539445628997868
0.9148486980999296	0.5543710021321961
0.9142656359803233	0.5547974413646055
0.9149085794655415	0.5547974413646055
0.9143258426966292	0.5552238805970149
0.9143859649122807	0.5556503198294244
0.9144460028050491	0.5560767590618336
0.9145059565522075	0.556503198294243
0.9145658263305322	0.5569296375266524
0.9146256123163051	0.5573560767590617
0.9146853146853147	0.5577825159914712
0.9147449336128581	0.5582089552238806
0.9141660851360781	0.55863539445629
0.914804469273743	0.55863539445629
0.9142259414225942	0.5590618336886993
0.9142857142857143	0.5594882729211087
0.9143454038997214	0.5599147121535181
0.9144050104384134	0.5603411513859275
0.9144645340751043	0.5607675906183369
0.9138888888888889	0.5611940298507463
0.9145239749826268	0.5611940298507463
0.9139486467730743	0.5616204690831557
0.9140083217753121	0.5620469083155649
0.9140679140679141	0.5624733475479744
0.9141274238227147	0.5628997867803838
0.9141868512110727	0.5633262260127931
0.9142461964038727	0.5637526652452025
0.9143054595715273	0.5641791044776119
0.9137336093857833	0.5646055437100213
0.914364640883978	0.5646055437100213
0.9137931034482759	0.5650319829424306
0.9138525155065472	0.5654584221748401
0.9139710942876806	0.5663113006396588
0.9140302613480055	0.5667377398720682
0.9134615384615384	0.5671641791044776
0.9140893470790378	0.5671641791044776
0.9135209334248455	0.567590618336887
0.9135802469135802	0.5680170575692963
0.9136394790952708	0.5684434968017057
0.9137577002053389	0.5692963752665244
0.9138166894664843	0.5697228144989338
0.9132513661202186	0.5701492537313433
0.9138755980861244	0.5701492537313433
0.9120654396728016	0.5705756929637527
0.91268758526603	0.5705756929637527
0.9133105802047782	0.5705756929637527
0.912125340599455	0.571002132196162
0.9121851599727706	0.5714285714285714
0.9122448979591836	0.5718550106609808
0.9123045547246771	0.5722814498933901
0.9123641304347826	0.5727078891257996
0.912483039348711	0.5735607675906184
0.912542372881356	0.5739872068230276
0.912043301759134	0.5748400852878465
0.9121027721433401	0.5752665245202558
0.9115462525320729	0.5756929637526652
0.9116059379217274	0.5761194029850746
0.9117250673854448	0.5769722814498933
0.9117845117845118	0.5773987206823028
0.9112306657700068	0.5778251599147122
0.9118438761776582	0.5778251599147122
0.9112903225806451	0.5782515991471215
0.9095174262734584	0.5786780383795309
0.9095780308104487	0.5791044776119403
0.9096385542168675	0.5795309168443497
0.9096989966555183	0.579957356076759
0.9097593582887701	0.5803837953091684
0.9098196392785571	0.5808102345415778
0.9098798397863819	0.5812366737739871
0.9099399599733156	0.5816631130063965
0.91	0.582089552238806
0.9100599600266489	0.5825159914712154
0.9101198402130493	0.5829424307036247
0.9101796407185628	0.5833688699360341
0.9102393617021277	0.5837953091684435
0.9096945551128818	0.5842217484008528
0.9102990033222591	0.5842217484008528
0.9091511936339522	0.5846481876332622
0.9092113982770046	0.5850746268656717
0.909271523178808	0.585501066098081
0.9093315684976837	0.5859275053304903
0.9093915343915344	0.5863539445628997
0.9094514210178454	0.5867803837953092
0.9095112285336856	0.5872068230277185
0.9089709762532981	0.5876332622601279
0.9084321475625824	0.5880597014925373
0.9084924292297564	0.5884861407249466
0.9085526315789474	0.588912579957356
0.9080157687253614	0.5893390191897654
0.9080761654629022	0.5897654584221749
0.9081364829396326	0.5901918976545842
0.9081967213114754	0.5906183368869936
0.908256880733945	0.591044776119403
0.908316961362148	0.5914712153518122
0.9083769633507853	0.5918976545842217
0.907843137254902	0.5923240938166311
0.908436886854153	0.5923240938166311
0.9079033311561071	0.5927505330490405
0.9079634464751958	0.5931769722814498
0.9080234833659491	0.5936034115138592
0.9080834419817471	0.5940298507462686
0.9081433224755701	0.594456289978678
0.907612231620039	0.5948827292110874
0.908203125	0.5948827292110874
0.907732293697206	0.5957356076759062
0.9066147859922179	0.5961620469083155
0.9077922077922078	0.5961620469083155
0.9067357512953368	0.5970149253731344
0.9062095730918499	0.5974413646055436
0.9067961165048544	0.5974413646055436
0.9062702003878474	0.597867803837953
0.9057456423499032	0.5982942430703624
0.9058064516129032	0.5987206823027718
0.9058671824629272	0.5991471215351812
0.9059278350515464	0.5995735607675906
0.9059884095299421	0.6
0.9060489060489061	0.6004264392324093
0.9061093247588424	0.6008528784648187
0.9061696658097687	0.6012793176972281
0.9058898847631242	0.6034115138592749
0.9059500959692899	0.6038379530916844
0.904397705544933	0.6051172707889125
0.9044585987261147	0.6055437100213219
0.9040660736975857	0.6068230277185501
0.9035532994923858	0.6072494669509595
0.9036144578313253	0.6076759061833689
0.9036755386565273	0.6081023454157782
0.9037365421152628	0.6085287846481876
0.9020846493998737	0.608955223880597
0.9037974683544304	0.608955223880597
0.9021464646464646	0.6093816631130063
0.9022698612862547	0.6102345415778251
0.9023314429741651	0.6106609808102345
0.9023929471032746	0.6110874200426438
0.9024543738200126	0.6115138592750533
0.9025157232704403	0.6119402985074627
0.9025769956002514	0.612366737739872
0.9026381909547738	0.6127931769722814
0.9026993094789705	0.6132196162046908
0.9027603513174404	0.6136460554371002
0.9028213166144201	0.6140724946695096
0.9028822055137845	0.614498933901919
0.9029430181590482	0.6149253731343283
0.9024390243902439	0.6153518123667376
0.9030037546933667	0.6153518123667376
0.9025	0.615778251599147
0.9014348097317529	0.6162046908315565
0.9019975031210986	0.6162046908315565
0.9014962593516209	0.6166311300639659
0.9015576323987539	0.6170575692963752
0.9016189290161893	0.6174840085287846
0.9017412935323383	0.6183368869936033
0.9018023617153511	0.6187633262260128
0.901863354037267	0.6191897654584222
0.9019242706393544	0.6196162046908316
0.901985111662531	0.6200426439232409
0.9021065675340768	0.6208955223880597
0.9021671826625387	0.621321961620469
0.9022277227722773	0.6217484008528784
0.9011735639283508	0.6221748400852878
0.9022881880024737	0.6221748400852878
0.9012345679012346	0.6226012793176972
0.9012954966070327	0.6230277185501065
0.9013563501849569	0.623454157782516
0.9014171287738756	0.6238805970149254
0.9009840098400984	0.6247334754797441
0.9015384615384615	0.6247334754797441
0.899938612645795	0.6251599147121535
0.9	0.6255863539445629
0.898958971218616	0.6260127931769723
0.9000613120784795	0.6260127931769723
0.8990208078335373	0.6264392324093817
0.8990825688073395	0.626865671641791
0.8981086028065893	0.6277185501066097
0.8970767356881851	0.6281449893390192
0.8976234003656307	0.6281449893390192
0.8965936739659367	0.6285714285714286
0.8971393791844188	0.6285714285714286
0.8966565349544073	0.6289978678038379
0.8967193195625759	0.6294243070362473
0.8962378640776699	0.6298507462686567
0.896782027929569	0.6298507462686567
0.8963007883565798	0.630277185501066
0.8952784503631961	0.6307036247334754
0.8953418027828192	0.6311300639658849
0.8954050785973398	0.6315565031982943
0.8954682779456193	0.6319829424307036
0.8955314009661836	0.632409381663113
0.8955944477972239	0.6328358208955224
0.8956574185765983	0.6332622601279317
0.8957203134418324	0.6336886993603411
0.8957831325301204	0.6341151385927505
0.8958458759783263	0.6345415778251599
0.8959085439229844	0.6349680170575692
0.8959711365003007	0.6353944562899786
0.8960960960960961	0.6362473347547974
0.8961584633853541	0.6366737739872068
0.8962207558488302	0.6371002132196162
0.8962829736211031	0.6375266524520256
0.896345116836429	0.6379530916844349
0.8964071856287426	0.6383795309168443
0.8964691801316577	0.6388059701492537
0.8965311004784688	0.639232409381663
0.8965929468021518	0.6396588486140724
0.8966547192353644	0.6400852878464818
0.8967164179104478	0.6405117270788913
0.8968395945140131	0.64136460554371
0.8969010727056019	0.6417910447761194
0.8969624776652769	0.6422174840085287
0.8970238095238096	0.6426439232409381
0.8970850684116597	0.6430703624733476
0.8971462544589774	0.643496801705757
0.8972073677956031	0.6439232409381663
0.8967359050445104	0.6443496801705756
0.8972684085510689	0.6443496801705756
0.896797153024911	0.644776119402985
0.8968583283935981	0.6452025586353944
0.8969194312796208	0.6456289978678038
0.8969804618117229	0.6460554371002132
0.8965721040189125	0.6469083155650319
0.8966331955109273	0.6473347547974413
0.8967551622418879	0.6481876332622601
0.8968160377358491	0.6486140724946695
0.8968768414849735	0.6490405117270789
0.8970588235294118	0.650319829424307
0.897119341563786	0.6507462686567164
0.8971797884841363	0.6511727078891257
0.897240164415737	0.6515991471215351
0.8973004694835681	0.6520255863539445
0.8973607038123167	0.652452025586354
0.8974208675263775	0.6528784648187633
0.8969555035128806	0.6533049040511727
0.8970157987126974	0.6537313432835821
0.8970760233918129	0.6541577825159914
0.8971361776738749	0.6545842217484008
0.897196261682243	0.6550106609808102
0.8972562755399883	0.6554371002132197
0.8973760932944607	0.6562899786780383
0.8974358974358975	0.6567164179104477
0.8974956319161328	0.657142857142857
0.8975552968568102	0.6575692963752665
0.8976148923792903	0.6579957356076759
0.8976744186046511	0.6584221748400853
0.8972125435540069	0.6588486140724946
0.8972721996517702	0.659275053304904
0.8973317865429234	0.6597014925373134
0.8973913043478261	0.6601279317697228
0.8974507531865585	0.6605543710021322
0.897510133178923	0.6609808102345416
0.8975694444444444	0.661407249466951
0.8976286871023713	0.6618336886993603
0.8977469670710572	0.6626865671641791
0.8973471741637832	0.6635394456289978
0.897864974033468	0.6635394456289978
0.8974063400576369	0.6639658848614072
0.8974654377880185	0.6643923240938165
0.897524467472654	0.664818763326226
0.8975834292289988	0.6652452025586354
0.8976423231742381	0.6656716417910448
0.8977011494252873	0.6660980810234541
0.897877223178428	0.6673773987206824
0.8974212034383954	0.6678038379530916
0.8974799541809851	0.668230277185501
0.897025171624714	0.6686567164179104
0.8970840480274442	0.6690831556503197
0.8971428571428571	0.6695095948827292
0.8972602739726028	0.670362473347548
0.8973188819167142	0.6707889125799573
0.8969834945930564	0.6720682302771855
0.897042093287827	0.6724946695095949
0.8971006253553155	0.6729211087420043
0.897159090909091	0.6733475479744137
0.8967082860385925	0.6737739872068229
0.8972174900624645	0.6737739872068229
0.8967668746454907	0.6742004264392324
0.8968838526912182	0.6750533049040511
0.8969422423556059	0.6754797441364605
0.8970588235294118	0.6763326226012792
0.8971170152628604	0.6767590618336886
0.8971751412429378	0.6771855010660981
0.8972332015810277	0.6776119402985075
0.8972911963882618	0.6780383795309168
0.8973491257755217	0.6784648187633262
0.8974069898534386	0.6788912579957356
0.8974647887323943	0.679317697228145
0.8975225225225225	0.6797441364605543
0.8976377952755905	0.6805970149253731
0.8976953344575604	0.6810234541577824
0.8977528089887641	0.6814498933901918
0.8978102189781022	0.6818763326226013
0.89736399326977	0.6823027718550106
0.8969187675070028	0.68272921108742
0.896976483762598	0.6831556503198294
0.8970341354224958	0.6835820895522388
0.8972640982691233	0.6852878464818764
0.8973786949247072	0.686140724946695
0.8974358974358975	0.6865671641791045
0.897607122982749	0.6878464818763326
0.8977209560867149	0.6886993603411513
0.8977777777777778	0.6891257995735608
0.897834536368684	0.6895522388059702
0.897891231964484	0.6899786780383795
0.8979478646699944	0.6904051172707889
0.8981737686773658	0.6921108742004264
0.8982863460475401	0.6929637526652451
0.8983425414364641	0.6933901918976545
0.8984547461368654	0.6942430703624733
0.8985107556536128	0.6946695095948827
0.8980716253443526	0.6950959488272921
0.8981838194826637	0.6959488272921108
0.8982398239823982	0.6963752665245202
0.8982957669048928	0.6968017057569297
0.8983516483516484	0.6972281449893389
0.8984074684239429	0.6976545842217483
0.8985189248491497	0.698507462686567
0.8985745614035088	0.6989339019189765
0.8981380065717415	0.6993603411513859
0.8981937602627258	0.6997867803837953
0.8982494529540481	0.7002132196162046
0.8983050847457628	0.700639658848614
0.8980370774263904	0.7023454157782516
0.8985270049099836	0.7023454157782516
0.8976034858387799	0.702771855010661
0.8980926430517712	0.702771855010661
0.8976592270005443	0.7031982942430702
0.8977149075081611	0.7036247334754797
0.8977705274605764	0.7040511727078891
0.8978815860945139	0.7049040511727078
0.8979370249728555	0.7053304904051172
0.8979924036896365	0.7057569296375266
0.8980477223427332	0.706183368869936
0.8976164680390033	0.7066098081023454
0.8977272727272727	0.7074626865671642
0.8968682505399568	0.7083155650319829
0.8969239071775499	0.7087420042643924
0.8969795037756203	0.7091684434968016
0.896551724137931	0.709594882729211
0.8970350404312668	0.709594882729211
0.8966074313408724	0.7100213219616204
0.8966630785791173	0.7104477611940297
0.8967186659494352	0.7108742004264392
0.8958668813741277	0.711727078891258
0.8959227467811158	0.7121535181236673
0.8959785522788204	0.7125799573560767
0.8960342979635584	0.7130063965884861
0.8961456102783726	0.7138592750533049
0.8962011771000535	0.7142857142857143
0.8963121325494388	0.7151385927505329
0.8964228510411105	0.7159914712153518
0.896	0.7164179104477612
0.8960554371002132	0.7168443496801705
0.8961661341853036	0.7176972281449893
0.8962765957446809	0.7185501066098081
0.8963317384370016	0.7189765458422175
0.8954352441613588	0.7194029850746269
0.895910780669145	0.7194029850746269
0.8954907161803713	0.7198294243070362
0.8955461293743372	0.7202558635394456
0.895656779661017	0.7211087420042643
0.89571201694018	0.7215351812366737
0.8958223162347964	0.7223880597014924
0.895932382461701	0.7232409381663113
0.8960422163588391	0.72409381663113
0.8960970464135021	0.7245202558635394
0.8961518186610438	0.7249466950959488
0.8962065331928346	0.7253731343283581
0.8962611901000527	0.7257995735607676
0.8963157894736842	0.726226012793177
0.8958990536277602	0.7266524520255863
0.8959537572254336	0.7270788912579956
0.8960084033613446	0.727505330490405
0.8960629921259843	0.7279317697228145
0.8962264150943396	0.7292110874200426
0.896280775275013	0.729637526652452
0.8958660387231816	0.7300639658848613
0.8963350785340314	0.7300639658848613
0.8959205020920502	0.7304904051172708
0.8959749085206482	0.7309168443496802
0.8955613577023499	0.7313432835820896
0.8956158663883089	0.7317697228144989
0.8957247132429614	0.7326226012793177
0.8957790515893694	0.733049040511727
0.8958333333333334	0.7334754797441364
0.8959417273673257	0.7343283582089551
0.8961578400830738	0.7360341151385927
0.8962117280747276	0.7364605543710021
0.8962655601659751	0.7368869936034115
0.8963193364437533	0.7373134328358208
0.8963730569948186	0.7377398720682302
0.8964267219057483	0.7381663113006397
0.8964803312629399	0.738592750533049
0.8965873836608066	0.7394456289978677
0.896640826873385	0.7398720682302772
0.8966942148760331	0.7402985074626866
0.8967475477542591	0.7407249466950959
0.8969603297269448	0.7424307036247334
0.8970133882595263	0.7428571428571429
0.89568345323741	0.7432835820895523
0.8957370313302516	0.7437100213219616
0.8957905544147844	0.744136460554371
0.8958440225756799	0.7445628997867803
0.8958974358974359	0.7449893390191897
0.8960573476702509	0.7462686567164178
0.8961636828644501	0.7471215351812366
0.8962167689161554	0.7475479744136461
0.8962698007153806	0.7479744136460554
0.8963227783452502	0.7484008528784648
0.8963757018887187	0.7488272921108742
0.8964285714285715	0.7492537313432835
0.8964813870474247	0.7496801705756929
0.8965868568517575	0.7505330490405117
0.8966921119592876	0.7513859275053304
0.8967446592065107	0.7518123667377398
0.896797153024911	0.7522388059701492
0.896849593495935	0.7526652452025586
0.8969019807008634	0.753091684434968
0.8969543147208122	0.7535181236673774
0.8960973137354283	0.7539445628997867
0.896551724137931	0.7539445628997867
0.8970065956367326	0.7539445628997867
0.8961499493414387	0.7543710021321961
0.8962025316455696	0.7547974413646056
0.896255060728745	0.755223880597015
0.8963075366717248	0.7556503198294243
0.8963599595551062	0.7560767590618336
0.8964646464646465	0.7569296375266524
0.8965691220988901	0.7577825159914712
0.8966212808875441	0.7582089552238805
0.8966733870967742	0.7586353944562899
0.8967254408060453	0.7590618336886993
0.8968293910417715	0.7599147121535181
0.8968812877263581	0.7603411513859275
0.8969849246231156	0.7611940298507462
0.8970366649924661	0.7616204690831556
0.8962406015037594	0.7624733475479744
0.8962925851703407	0.7628997867803837
0.8963110667996012	0.7667377398720682
0.8967581047381546	0.7667377398720682
0.896414342629482	0.767590618336887
0.8965174129353234	0.7684434968017056
0.8966202783300199	0.7692963752665245
0.8966716343765524	0.7697228144989339
0.8967229394240318	0.7701492537313432
0.896774193548387	0.7705756929637526
0.8968765493306892	0.7714285714285714
0.8969276511397423	0.7718550106609808
0.897029702970297	0.7727078891257996
0.8970806531420089	0.7731343283582089
0.897131552917903	0.7735607675906183
0.8971824023727137	0.7739872068230277
0.8972332015810277	0.774413646055437
0.8973346495557749	0.7752665245202558
0.8972468043264503	0.7782515991471215
0.897688145597639	0.7782515991471215
0.8970588235294118	0.7803837953091683
0.897109260166585	0.7808102345415777
0.8972099853157122	0.7816631130063966
0.8972602739726028	0.7820895522388059
0.896871945259042	0.7825159914712153
