6
11
20
22
35
44
9
2
26
0
10
16
1
4
15
24
8
15
18
10
6
12
16
20
3
4
5
10
8
14
23
44
27
36
46
55
59
4
8
20
30
5
1
4
19
16
14
18
10
3
4
8
2
8
22
27
4
15
22
30
7
14
38
2
9
23
17
5
2
12
4
8
10
20
1
9
14
2
7
1
8
9
1
12
20
23
26
35
39
43
1
6
15
19
23
12
28
33
38
43
1
13
18
21
30
32
2
8
4
16
9
7
25
32
38
2
2
16
5
4
19
40
33
29
43
52
55
6
15
22
8
5
4
0
3
8
16
18
26
38
46
49
52
54
0
12
27
3
14
18
38
45
40
48
4
9
14
16
28
33
7
8
13
4
7
8
17
29
8
6
10
14
3
7
35
15
3
17
19
25
0
15
21
25
27
35
39
8
17
1
2
3
12
19
10
5
15
27
31
41
2
5
18
24
51
61
2
19
25
34
0
10
30
25
0
3
9
30
35
26
43
52
2
15
17
0
1
1
27
30
33
1
11
23
32
5
16
1
4
23
11
1
3
1
15
1
4
14
22
2
6
1
8
14
0
2
21
23
26
52
1
11
0
5
24
31
33
41
13
1
5
20
11
16
5
4
7
20
27
1
16
18
41
11
14
18
25
27
33
37
46
0
1
6
25
35
44
48
4
11
14
20
30
22
18
8
2
10
17
2
13
23
21
31
27
43
39
5
17
13
21
24
34
19
15
5
8
0
8
17
18
14
41
4
2
4
14
3
7
16
37
39
5
16
22
23
5
15
19
9
0
7
3
6
13
2
6
15
18
1
11
22
26
2
6
13
17
0
8
13
3
5
39
48
9
28
8
14
2
18
28
33
2
12
14
28
37
41
45
54
7
4
0
16
25
23
31
1
14
4
5
10
20
23
25
29
0
18
7
21
26
30
33
3
9
27
22
34
39
3
11
22
10
1
4
11
23
26
34
38
42
1
17
10
0
15
26
2
14
19
6
7
21
30
33
43
0
21
2
4
30
35
37
38
56
41
9
16
5
11
30
4
9
11
13
9
3
19
5
27
20
9
52
18
30
39
42
4
13
1
13
10
22
26
1
11
0
7
8
14
18
31
7
35
6
13
6
6
4
17
6
10
30
19
24
28
43
68
72
80
16
97
95
50
6
13
16
0
7
24
23
0
16
5
10
2
1
13
9
1
1
5
16
3
11
14
7
17
25
7
14
13
4
3
7
15
10
9
20
1
4
10
20
25
6
14
2
6
10
5
8
0
9
6
4
11
6
16
17
9
6
24
31
38
0
9
16
0
7
10
18
4
18
28
0
12
1
5
10
13
20
24
2
9
18
13
5
1
17
23
26
1
11
2
6
2
5
11
6
19
27
36
3
6
9
15
23
27
0
29
12
4
4
14
19
11
3
12
18
17
26
24
28
40
36
8
17
29
21
9
13
2
1
2
6
10
18
26
6
11
25
6
5
3
8
33
24
48
68
7
15
28
2
7
16
15
25
33
5
14
0
2
9
12
2
8
2
11
20
1
3
10
33
39
54
29
56
5
10
8
11
15
1
3
16
2
5
14
23
32
1
9
20
4
2
10
2
5
0
2
16
4
15
20
3
17
14
21
7
10
13
9
15
6
12
21
28
42
9
15
20
26
34
41
3
19
1
12
7
12
20
2
5
16
3
7
20
23
2
14
2
17
4
22
8
2
18
3
5
6
13
5
7
1
6
1
4
1
5
11
16
27
2
14
12
31
41
2
2
3
13
1
11
1
6
15
21
2
8
1
2
0
3
22
39
47
59
64
3
13
6
2
9
8
14
18
26
38
0
7
22
31
12
1
6
19
34
7
10
13
37
47
63
4
10
7
16
20
29
31
4
10
16
29
33
38
8
15
1
1
6
12
15
28
36
46
10
9
4
17
12
1
6
5
2
3
7
1
6
20
2
3
11
17
23
25
30
6
20
5
11
23
31
33
38
3
13
22
2
14
3
8
3
9
10
12
23
5
13
21
36
42
46
4
0
8
1
12
16
3
14
21
60
6
9
16
19
3
12
30
35
19
44
48
6
1
18
5
11
25
30
34
39
0
10
20
1
16
19
4
10
2
5
13
20
31
5
11
7
11
2
21
10
16
12
0
20
24
32
42
14
24
8
11
25
27
9
1
12
0
7
15
23
10
27
17
2
6
2
11
23
10
1
5
21
28
2
11
17
22
1
2
11
9
1
9
1
9
18
23
2
7
4
9
19
23
33
4
23
9
17
2
11
4
12
20
4
14
16
1
9
9
2
11
4
4
9
22
37
43
46
27
31
40
43
2
4
12
17
5
10
21
2
8
17
30
33
7
10
15
18
21
28
36
2
3
12
33
27
5
12
16
2
10
18
23
30
31
34
37
41
6
14
21
2
7
25
16
38
49
54
45
23
28
8
7
14
8
13
2
7
12
18
6
21
25
3
7
16
26
28
0
7
14
22
0
13
17
22
3
7
11
14
17
19
1
13
20
2
13
5
0
12
15
21
21
3
8
11
14
16
18
26
4
8
23
29
26
28
39
44
7
15
18
2
7
12
12
46
51
19
24
28
38
34
2
4
9
18
26
28
30
28
30
9
8
12
1
11
19
26
21
25
4
35
26
7
11
18
20
8
19
26
31
2
10
22
26
32
49
45
37
45
51
23
49
65
71
63
58
28
32
36
3
9
14
2
10
26
34
11
12
20
39
51
1
10
3
2
13
3
13
18
4
9
18
1
4
13
31
29
7
13
5
13
3
10
18
41
44
58
53
34
65
61
4
15
13
21
23
37
33
42
8
23
1
9
18
5
10
5
12
2
2
7
1
12
8
25
31
2
2
9
17
2
1
4
9
15
2
6
2
13
24
2
5
9
28
40
1
6
14
40
46
50
58
53
26
8
0
26
16
6
40
5
19
28
37
46
3
12
17
5
9
14
22
1
5
11
17
21
3
13
19
7
20
2
11
13
24
28
37
40
2
8
16
19
3
16
2
6
3
23
3
12
15
18
26
39
43
3
13
10
1
9
28
14
33
40
0
21
25
43
21
6
15
21
2
29
37
5
12
18
0
8
11
1
7
16
2
7
13
16
22
28
36
38
14
2
16
29
25
3
13
21
5
15
32
3
13
13
2
6
2
6
6
13
17
7
7
16
22
7
4
2
8
14
19
22
26
32
11
19
28
32
37
1
4
12
18
25
9
29
38
34
9
11
7
21
28
2
15
19
9
18
24
33
40
49
45
4
1
9
16
21
0
7
9
4
8
11
7
2
13
18
26
35
44
9
0
7
9
12
5
15
28
2
12
5
29
18
6
10
14
3
7
14
3
7
14
3
7
14
3
7
14
13
17
24
9
8
12
19
5
9
20
13
6
13
17
24
11
14
29
0
12
36
30
10
13
19
22
40
9
13
17
24
2
6
13
15
30
36
40
8
13
23
1
10
25
44
39
33
17
23
2
11
18
26
48
51
45
48
26
5
15
11
15
21
34
21
47
54
4
20
26
2
6
14
18
93
150
73
109
138
39
19
31
57
64
1
6
8
6
21
27
37
42
4
12
2
6
9
17
21
0
10
13
17
23
6
31
37
40
0
7
20
18
32
15
8
0
3
16
1
7
13
29
15
21
26
6
1
9
15
19
2
8
3
18
23
4
9
12
22
7
9
14
25
30
6
12
26
21
23
0
7
11
31
35
45
47
16
22
2
12
24
11
8
25
2
6
12
4
0
10
3
2
5
2
6
12
5
11
14
1
10
12
4
6
4
16
5
17
8
7
12
3
5
9
13
18
21
32
0
15
3
17
22
39
29
8
7
5
2
7
10
14
30
35
45
5
10
13
4
18
22
28
4
9
0
5
16
4
19
24
33
39
0
8
27
28
44
43
12
0
9
26
61
66
0
33
39
0
2
7
9
29
7
6
17
30
34
39
50
61
70
81
0
4
7
21
34
57
16
31
55
0
5
15
0
18
45
0
21
47
0
24
0
26
40
3
9
18
1
9
22
25
41
0
11
24
33