7
3
12
20
9
18
0
2
4
16
5
7
21
2
1
26
13
8
6
2
10
6
12
2
17
8
18
15
25
34
9
11
15
19
33
17
36
21
48
45
4
1
7
8
14
1
1
7
1
5
2
15
9
1
2
6
32
30
25
2
3
3
13
18
1
20
5
15
2
10
15
22
1
3
12
5
4
19
26
29
1
9
17
2
9
20
24
22
26
14
5
3
1
18
20
14
2
16
27
4
12
6
27
3
37
31
14
24
0
4
11
4
16
8
23
6
2
5
8
14
16
4
7
12
15
4
8
20
15
25
1
10
1
8
12
12
25
9
1
12
16
25
8
2
6
12
16
24
7
2
10
3
13
41
39
41
36
1
9
5
18
11
1
11
18
3
7
15
11
18
4
0
9
13
21
30
36
43
45
1
6
10
6
0
1
9
1
1
7
1
22
26
14
17
7
1
1
12
15
5
20
28
24
25
35
1
7
12
19
23
6
7
6
14
2
4
10
16
8
2
1
8
13
3
15
5
9
2
9
4
21
29
12
6
9
14
21
23
4
9
20
1
10
1
14
1
5
11
30
19
5
2
3
9
31
5
15
19
25
0
10
13
17
3
7
16
9
14
23
4
19
14
8
12
2
16
1
9
12
1
4
25
17
22
15
11
1
11
23
32
9
4
6
14
16
23
28
1
2
29
24
14
4
12
18
1
3
11
22
1
19
29
42
46
11
3
7
15
1
2
9
11
4
6
15
24
4
29
16
0
4
24
28
11
3
17
12
4
2
23
17
1
7
4
12
17
25
7
29
49
40
26
18
1
8
23
28
36
14
11
2
36
39
43
6
28
39
17
2
8
10
1
10
14
22
29
2
17
9
16
1
9
7
11
25
0
16
26
7
9
3
1
17
3
8
14
8
10
0
5
10
15
9
2
1
11
15
1
6
10
4
2
1
11
7
2
8
23
17
3
4
2
1
7
13
15
1
5
12
16
8
23
31
11
5
3
7
9
17
27
2
2
7
19
30
27
23
1
5
4
1
2
8
12
8
26
13
14
8
29
2
7
11
13
17
1
3
18
23
9
4
1
10
13
20
15
5
9
20
39
53
3
10
12
4
1
2
7
3
23
31
2
11
21
16
3
7
23
10
17
28
9
0
1
6
21
28
9
3
6
17
34
41
2
9
22
10
16
1
7
12
4
8
16
22
1
10
1
4
10
14
21
12
1
27
29
35
15
1
13
16
23
27
33
5
20
10
1
4
37
41
28
8
19
20
8
27
4
5
8
25
3
8
31
16
26
3
16
9
13
11
22
31
24
1
14
6
2
6
3
0
8
4
11
15
7
9
23
34
40
6
19
2
3
15
1
4
16
36
29
4
7
23
2
7
4
16
13
25
36
6
49
14
2
1
7
12
10
11
12
3
16
35
42
13
28
6
19
2
8
14
28
20
3
2
4
16
4
2
4
12
6