7
5
1
11
7
21
27
39
3
16
6
16
20
16
18
22
31
37
44
5
2
16
20
12
5
12
7
4
10
4
4
12
21
25
1
27
7
4
10
1
15
3
10
14
2
7
2
12
16
32
1
3
10
2
9
2
6
4
15
4
20
5
3
9
16
8
18
3
11
7
28
23
1
8
11
1
16
16
9
2
27
36
12
7
4
10
13
17
13
27
5
18
2
17
22
2
12
20
7
5
9
4
1
15
26
3
9
1
23
32
12
5
17
6
20
1
12
8
16
8
13
22
2
9
1
11
6
14
11
11
5
4
12
22
2
8
16
33
2
5
2
12
17
2
11
1
9
17
29
38
1
3
13
3
14
28
34
11
22
4
12
9
2
4
2
18
29
17
20
14
15
7
1
1
6
33
9
12
8
4
10
2
11
11
21
2
8
13
17
2
15
2
4
25
4
20
9
10
13
-1
16
6
17
19
32
12
6
1
20
33
2
6
12
1
8
10
2
8
2
10
17
32
7
19
1
7
13
21
26
4
7
6
9
6
19
1
11
6
-1
10
4
1
9
22
29
12
1
14
2
16
12
-1
2
7
18
6
3
2
10
18
17
13
2
4
2
5
13
3
2
19
15
3
10
2
2
13
4
18
6
14
10
19
3
11
13
19
25
4
7
11
15
22
17
3
2
6
14
4
12
11
5
19
6
16
0
8
25
5
16
43
23
28
10
4
12
17
2
9
6
14
19
14
24
24
2
9
11
1
2
10
5
21
26
6
7
12
18
2
5
4
3
5
11
5
19
5
5
10
13
18
22
26
31
34
0
5
7
19
21
33
4
10
1
5
12
11
20
30
11
17
26
9
7
13
1
8
12
19
30
32
15
35
1
24
30
35
0
11
16
22
17
2
8
11
2
7
9
5
2
8
15
22
4
3
20
8
27
7
9
3
35
36
2
12
21
30
4
20
22
3
20
28
38
3
5
23
2
14
17
19
21
0
14
1
6
19
2
9
14
1
18
37
3
6
1
35
41
25
49
3
8
8
6
12
20
27
4
7
2
6
13
2
4
8
18
28
29
35
38
43
46
1
18
33
0
9
5
14
22
26
33
39
5
13
4
7
3
0
8
14
16
8
13
2
3
7
2
12
15
0
4
1
3
16
2
8
6
5
12
15
7
21
12
1
35
9
10
25
35
2
17
2
35
16
8
14
22
8
17
5
9
9
22
1
5
16
8
27
8
14
31
28
36
40
52
3
5
12
6
36
28
8
14
22
16
6
32
1
11
1
7
1
7
2
6
2
10
14
8
11
4
22
25
6
9
13
20
1
18
20
10
7
18
2
16
19
22
26
5
3
18
8
2
14
3
6
21
5
23
18
3
13
6
13
19
21
29
1
9
13
23
-1
13
10
3
11
4
7
1
8
13
15
15
6
10
5
10
2
3
5
24
5
9
23
31
3
4
23
7
28
1
16
28
5
12
2
22
27
20
22
28
7
33
39
42
4
12
12
4
14
21
9
21
26
32
15
1
14
4
15
31
2
13
10
28
6
10
18
22
12
8
1
17
19
18
5
8
1
22
2
6
2
21
21
7
2
6
19
24
18
5
1
5
3
7
11
6
20
7
5
15
19
7
4
6
8
11
2
2
2
2
2
2
18
14
5
5
7
5
2
7
11
2
9
42
1
9
5
6
17
13
23
38
28
6
15
21
4
16
12
7
16
2
9
15
18
24
28
13
8
6
29
24
14
9
9
25
4
27
3
11
16
4
2
6
13
3
11
14
6
8
15
6
13
3
7
11
19
11
3
8
8
21
1
7
25
32
38
7
17
19
2
6
11
22
9
6
17
30
33
37
2
7
2
7
0
5
16
23
6
12
5
0
7
19
23
11
19
28
32
19
25
4
10
18
1
17
14
10
2
7
1
12
19
25
5
13
17
0
2
26
4
3
14
25
1
7
1
15
5
8
0
5
12
8
19
32
6
12
17
32
36
46
57
4
12
20
41
5
3
8
13
16
4
2
7
25
19
3
9
13
13
19
2
6
20
8
24
27
2
8
2
13
5
14
19
4
11
23
7
7
4
13
8
20
34
5
9
7
6
11
3
14
9
12
27
21
1
13
16
2
10
2
13
11
5
12
2
11
18
13
1
28
27
34
6
13
18
4
8
16
1
12
8
22
18
0
4
33
25
13
19
51
0
10
17
2
4
18
2
14
29
18
9
11
28
-1
2
8
21
6
13
2
8
4
6
9
12
16
3
11
21
1
13
1
19
8
14
8
6
5
1
13
16
5
1
7
18
4
4
1
9
3
14
24
34
6
13
19
16
3
14
2
9
2
2
22
38
4
10
3
12
16
19
24
3
10
5
10
43
5
14
16
28
5
13
6
13
13
1
17
4
2
14
1
21
40
7
4
19
31
9
17
36
4
19
11
23
26
31
11
23
5
30
21
9
16
1
9
16
1
8
14
5
9
3
1
13
32
40
5
2
4
9
10
23
31
6
1
5
6
15
9
19
19
1
13
2
3
16
27
13
42
8
0
14
20
11
16
20
32
4
21
29
38
59
63
3
7
7
1
7
12
18
24
6
20
10
11
16
2
13
6
6
6
17
13
2
20
25
4
10
12
5
5
5
2
9
2
6
10
2
15
7
19
19
6
8
13
17
12
23
6
17
34
4
12
17
10
18
3
7
16
6
1
11
15
1
15
6
8
4
9
3
1
9
1
3
1
13
17
2
4
15
10
6
9
22
9
3
14
3
8
16
4
7
8
1
29
6
19
21
21
23
36
44
50
2
16
23
7
-1
9
21
2
15
11
18
13
24
1
1
41
1
12
22
36
41
47
3
20
27
6
17
22
4
14
23
6
10
14
21
2
15
19
22
33
39
44
50
15
7
10
3
10
14
25
32
44
50
10
10
1
3
7
1
3
12
1
18
21
31
44
13
5
8
24
2
2
16
14
4
13
0
20
1
18
22
28
9
10
0
4
8
18
2
8
3
25
27
34
2
4
15
24
4
24
9
1
34
29
22
2
13
18
2
16
5
8
22
32
24
17
21
15
1
5
4
9
7
8
11
15
31
0
7
12
8
1
10
12
19
23
34
29
4
21
26
2
12
16
14
8
13
10
18
4
2
13
20
3
7
11
20
31
34
33
10
39
43
48
9
6
28
2
7
17
3
11
3
8
7
1
21
22
15
11
22
1
12
17
9
17
21
4
6
23
3
15
22
27
9
3
9
13
17
31
34
5
18
11
16
21
24
31
18
30
2
8
13
17
18
0
11
17
21
11
13
33
44
7
16
9
21
1
13
23
4
15
1
21
7
2
11
23
6
8
6
14
2
23
5
12
17
7
2
6
12
20
2
7
13
9
15
27
2
7
8
22
27
12
21
27
4
3
18
20
25
31
4
9
19
21