[90.62474823]
[99.76568604]
[114.16207886]
[107.09584045]
[208.17311096]
[214.07048035]
[204.26255798]
[224.98768616]
[122.77125549]
[102.97406769]
[109.64438629]
[139.13635254]
[140.47711182]
[116.87154388]
[140.30647278]
[133.38943481]
[124.55626678]
[201.60424805]
[227.95932007]
[171.12254333]
[182.5627594]
[218.62156677]
[94.25016785]
[145.10083008]
[125.93531036]
[123.92192841]
[131.32865906]
[133.4942627]
[121.71456909]
[131.62306213]
[118.39030457]
[119.38375092]
[117.76236725]
[92.57765961]
[83.57082367]
[84.67843628]
[93.33033752]
[86.08831787]
[141.80447388]
[131.51957703]
[148.96847534]
[158.76193237]
[180.80645752]
[182.90617371]
[169.11279297]
[154.24848938]
[165.97286987]
[146.36413574]
[190.95372009]
[171.58190918]
[157.43896484]
[163.31393433]
[128.91566467]
[109.21322632]
[138.59486389]
[110.04199219]
[120.07167053]
[124.49861908]
[142.32714844]
[129.30245972]
[108.81682587]
[91.9206543]
[90.74897766]
[88.56861115]
[110.2774353]
[88.56266022]
[118.22393036]
[102.23231506]
[104.57810974]
[144.70393372]
[167.64115906]
[171.07443237]
[144.8913269]
[111.34856415]
[136.44406128]
[124.03266144]
[114.35096741]
[113.32888794]
[85.87493896]
[87.90496063]
[82.14097595]
[101.18447876]
[107.46404266]
[113.03178406]
[102.27787781]
[108.10780334]
[130.70425415]
[149.50099182]
[136.06768799]
[123.80090332]
[118.59774017]
[103.78679657]
[106.79292297]
[122.20139313]
[126.44845581]
[104.54465485]
[108.48992157]
[121.07234955]
[116.75869751]
[102.49554443]
[175.60922241]
[94.62276459]
[157.64376831]
[167.42774963]
[173.33024597]
[88.00108337]
[91.59426117]
[93.5366745]
[147.70271301]
[157.1199646]
[124.63287354]
[139.36846924]
[102.36239624]
[189.33273315]
[181.38977051]
[168.2191925]
[196.41323853]
[189.64993286]
[208.76763916]
[188.11283875]
[85.7541275]
[145.35882568]
[110.79954529]
[122.98357391]
[123.26958466]
[146.77113342]
[128.72956848]
[165.75126648]
[153.43989563]
[113.15057373]
[113.04653931]
[133.54052734]
[122.10870361]
[120.19084167]
[99.31877136]
[143.32272339]
[105.6204071]
[118.62404633]
[95.54727173]
[98.60996246]
[113.71205139]
[98.29888153]
[188.19750977]
[195.37731934]
[162.38803101]
[110.30697632]
[104.91439819]
[119.02987671]
[155.70407104]
[169.17321777]
[179.5274353]
[170.72149658]
[190.45721436]
[160.66162109]
[112.58544922]
[98.22212219]
[106.10306549]
[108.86704254]
[179.70758057]
[172.62461853]
[182.16304016]
[161.09417725]
[140.05476379]
[129.85470581]
[92.45553589]
[120.9790802]
[119.85436249]
[129.82713318]
[106.69910431]
[137.42181396]
[137.80349731]
[121.44559479]
[135.49613953]
[140.05090332]
[120.09201813]
[129.2902832]
[124.95076752]
[98.4675827]
[109.73332214]
[94.63017273]
[91.895401]
[114.60318756]
[104.28554535]
[114.70688629]
[89.95703888]
[150.86328125]
[141.58154297]
[151.72129822]
[90.58908844]
[89.65609741]
[156.18380737]
[190.84851074]
[172.66168213]
[92.61871338]
[87.76706696]
[76.12080383]
[127.43547821]
[110.70295715]
[91.83197021]
[119.63174438]
[111.45109558]
[100.44576263]
[87.68319702]
[122.48590088]
[103.39409637]
[175.02737427]
[224.49334717]
[176.6166687]
[205.83740234]
[255.550354]
[83.74132538]
[124.18399811]
[124.76989746]
[181.76333618]
[176.47084045]
[204.67529297]
[95.57752991]
[90.05444336]
[106.82726288]
[101.69699097]
[89.73379517]
[128.0688324]
[93.09606171]
[171.38294983]
[175.63606262]
[166.36981201]
[159.01556396]
[113.0645752]
[114.42745209]
[154.86872864]
[163.3036499]
[165.02607727]
[153.25314331]
[104.14393616]
[69.74603271]
[175.10697937]
[153.02586365]
[202.25360107]
[113.9226532]
[98.45323181]
[136.81881714]
[103.75108337]
[101.09371185]
[117.07324982]
[110.22117615]
[125.9132843]
[99.32888794]
[121.62729645]
[121.979599]
[153.63554382]
[114.8188324]
[138.62905884]
[140.06544495]
[166.90383911]
[176.11715698]
[186.25636292]
[146.84248352]
[89.40103912]
[177.01312256]
[156.25279236]
[173.20083618]
[217.95864868]
[136.09880066]
[170.20890808]
[115.71829224]
[96.4594574]
[116.9236908]
[132.55755615]
[165.84120178]
[128.78462219]
[162.57305908]
[223.10456848]
[187.35115051]
[173.77105713]
[206.38583374]
[161.14755249]
[169.06777954]
[174.33357239]
[178.480896]
[171.85369873]
[177.49026489]
[155.18519592]
[117.54020691]
[120.29989624]
[119.11263275]
[122.4445343]
[95.24724579]
[91.44193268]
[79.26133728]
[111.86901855]
[96.68223572]
[201.46281433]
[160.86471558]
[154.63058472]
[168.57373047]
[126.92940521]
[112.54333496]
[145.01982117]
[187.38673401]
[147.39642334]
[150.69448853]
[193.50511169]
[106.86222839]
[106.09537506]
[110.92785645]
[87.48690033]
[92.75876617]
[109.00070953]
[110.95574188]
[137.34959412]
[93.80691528]
[111.2026062]
[123.12828064]
[140.62339783]
[129.54823303]
[123.12490845]
[127.88864136]
[113.8573761]
[108.21060181]
[117.21781158]
[133.19168091]
[133.84939575]
[200.11842346]
[193.03511047]
[80.42205811]
[105.96920776]
[109.82437134]
[100.37376404]
[124.11772156]
[142.59931946]
[126.34155273]
[108.81672668]
[106.00883484]
[124.12283325]
[94.63962555]
[134.42277527]
[106.8649826]
[108.74732208]
[161.40689087]
[177.82112122]
[161.35655212]
[148.40106201]
[139.72090149]
[136.11663818]
[155.30374146]
[149.71870422]
[128.17694092]
[109.45137024]
[116.62947083]
[139.77438354]
[158.41360474]
[115.4291687]
[134.19029236]
[144.31660461]
[97.46660614]
[124.57078552]
[136.68522644]
[141.87966919]
[150.37548828]
[169.35186768]
[182.11099243]
[140.681427]
[132.93687439]
[153.09768677]
[170.88478088]
[122.38402557]
[155.29208374]
[142.58042908]
[140.66323853]
[124.06462097]
[133.86994934]
[130.50268555]
[126.87532043]
[137.35282898]
[124.95612335]
[148.84518433]
[131.98127747]
[106.61161041]
[114.28850555]
[102.10734558]
[109.01807404]
[97.52154541]
[126.41291046]
[122.77999878]
[128.40829468]
[98.75428772]
[105.41464233]
[90.97714233]
[108.28955841]
[124.40317535]
[147.43786621]
[197.23739624]
[190.20941162]
[219.91217041]
[146.48947144]
[131.23629761]
[114.87635803]
[137.04202271]
[117.93564606]
[110.95583344]
[102.05567169]
[100.75564575]
[207.46595764]
[177.34158325]
[159.90698242]
[173.15945435]
[195.17643738]
[162.62599182]
[190.21481323]
[177.93405151]
[101.94223022]
[93.60351562]
[95.56594086]
[119.79277039]
[128.71720886]
[126.53916931]
[149.6829071]
[139.50483704]
[166.71405029]
[88.85455322]
[119.16034698]
[104.41400146]
[108.49568939]
[92.90749359]
[86.72398376]
[112.99625397]
[112.94480896]
[110.96729279]
[152.38180542]
[129.76182556]
[134.10258484]
[103.61303711]
[225.74565125]
[149.62068176]
[200.43424988]
[167.39596558]
[197.0745697]
[188.74841309]
[213.71522522]
[195.99328613]
[221.1085968]
[125.35442352]
[99.76316833]
[195.39057922]
[159.49465942]
[167.82429504]
[163.92796326]
[113.87345886]
[102.05417633]
[116.67526245]
[179.73017883]
[161.93078613]
[146.62127686]
[134.15615845]
[150.7636261]
[180.76686096]
[156.72355652]
[165.40162659]
[164.67292786]
[161.35534668]
[163.97679138]
[153.91629028]
[91.16075134]
[87.42159271]
[91.77866364]
[131.43032837]
[151.48088074]
[153.6882019]
[144.88075256]
[150.19348145]
[173.5541687]
[167.00283813]
[182.03710938]
[181.6383667]
[131.19947815]
[173.10725403]
[168.22717285]
[163.02272034]
[136.88383484]
[127.65864563]
[108.67250061]
[119.80307007]
[184.52601624]
[183.9725647]
[187.53857422]
[205.42320251]
[150.74838257]
[178.11605835]
[141.05055237]
[84.96832275]
[89.06192017]
[101.53742981]
[95.5898056]
[133.71183777]
[154.3228302]
[114.29811096]
[131.2677002]
[105.09825134]
[229.88499451]
[163.26023865]
[179.69032288]
[180.57048035]
[111.24014282]
[93.46244812]
[168.22900391]
[214.82484436]
[205.48912048]
[186.57461548]
[218.00537109]
[234.13578796]
[223.22175598]
[219.57919312]
[199.63446045]
[213.91772461]
[161.91674805]
[204.09181213]
[184.33343506]
[180.87991333]
[146.04692078]
[128.71609497]
[127.54758453]
[140.22171021]
[171.90356445]
[177.95701599]
[174.94584656]
[184.56221008]
[175.1947937]
[172.86953735]
[181.41725159]
[132.1708374]
[153.58291626]
[137.91508484]
[146.42990112]
[140.41744995]
[99.37046814]
[142.62542725]
[163.19255066]
[167.30699158]
[181.74717712]
[164.68988037]
[151.46426392]
[160.08712769]
[146.53106689]
[166.5597229]
[183.23036194]
[176.34199524]
[159.56500244]
[167.64157104]
[89.55092621]
[84.25997925]
[183.22923279]
[174.26005554]
[196.64857483]
[252.04388428]
[185.38484192]
[184.14477539]
[221.1043396]
[131.06550598]
[130.17723083]
[90.95146179]
[92.18491364]
[117.10416412]
[153.30459595]
[163.14654541]
[149.89825439]
[98.31882477]
[90.62329102]
[139.21749878]
[126.37969208]
[109.85140991]
[264.56585693]
[243.04377747]
[250.03356934]
[301.46813965]
[190.90765381]
[201.54466248]
[208.15122986]
[239.88981628]
[250.84634399]
[251.97090149]
[162.94885254]
[172.52005005]
[163.31669617]
[195.47077942]
[90.3236084]
[90.96809387]
[108.80770111]
[238.3269043]
[238.1628418]
[211.02702332]
[245.47900391]
[253.84754944]
[249.75099182]
[110.22803497]
[110.03959656]
[118.86299133]
[83.89483643]
[80.30738831]
[152.78227234]
[115.91617584]
[121.37744141]
[109.43972015]
[146.64024353]
[136.71859741]
[130.69953918]
[112.22410583]
[107.60728455]
[147.38536072]
[102.46887207]
[92.72463989]
[105.10310364]
[72.31232452]
[111.5276947]
[154.27754211]
[127.86992645]
[100.33029938]
[125.54681396]
[140.3878479]
[95.89572906]
[135.5914917]
[80.97210693]
[95.301651]
[85.1796875]
[100.50679016]
[85.01744843]
[86.20053101]
[109.15972137]
[81.36915588]
[141.61148071]
[132.21888733]
[94.95032501]
[99.77757263]
[172.10925293]
[208.88539124]
[208.29620361]
[176.67121887]
[201.70787048]
[195.55854797]
[155.27400208]
[167.47998047]
[170.68476868]
[126.75309753]
[140.49009705]
[128.82824707]
[130.2474823]
[132.33093262]
[128.10375977]
[138.08349609]
[127.77178192]
[168.76687622]
[150.53173828]
[149.75543213]
[154.50926208]
[115.42156219]
[101.40778351]
[104.89289856]
[147.81585693]
[164.94448853]
[213.25839233]
[163.41218567]
[169.90879822]
[292.50787354]
[205.90193176]
[218.52882385]
[235.45648193]
[248.1505127]
[254.43722534]
[159.72016907]
[205.80435181]
[168.36985779]
[117.05516815]
[143.12731934]
[141.77534485]
[145.92741394]
[161.40313721]
[179.37388611]
[140.68690491]
[131.18051147]
[115.13296509]
[201.99581909]
[170.27163696]
[162.95960999]
[113.87756348]
[89.10984802]
[113.40342712]
[122.1765213]
[114.14396667]
[97.37317657]
[108.87181854]
[113.78205109]
[109.16551971]
[110.60699463]
[118.49150848]
[99.71715546]
[98.19328308]
[99.71715546]
[98.19328308]
[116.28521729]
[99.88389587]
[124.72826385]
[141.73892212]
[160.52786255]
[114.44972229]
[108.47809601]
[127.73018646]
[165.67459106]
[127.49451447]
[115.90087128]
[128.53251648]
[114.38746643]
[134.01902771]
[107.46862793]
[113.24549866]
[130.0146637]
[105.64614105]
[120.68904114]
[69.24659729]
[188.24682617]
[189.12597656]
[218.40405273]
[130.52706909]
[120.01377106]
[121.8557663]
[121.07553864]
[140.9299469]
[98.28482819]
[130.6456604]
[133.14208984]
[104.20121765]
[98.07936859]
[221.60102844]
[210.12519836]
[155.19985962]
[179.88146973]
[205.1171875]
[195.63737488]
[119.54850006]
[135.87831116]
[140.6811676]
[146.95669556]
[138.09249878]
[117.41114044]
[134.71871948]
[117.56761169]
[120.78945923]
[102.44519043]
[83.0652771]
[117.1325531]
[93.32034302]
[72.17210388]
[168.52973938]
[142.20449829]
[90.24114227]
[111.22186279]
[150.80024719]
[141.33569336]
[118.24565125]
[101.25550842]
[108.05906677]
[105.05943298]
[118.59344482]
[115.15641785]
[148.06074524]
[122.80867004]
[147.94804382]
[164.33251953]
[170.42558289]
[162.72805786]
[174.86141968]
[109.23164368]
[162.72483826]
[177.15744019]
[148.08511353]
[162.35494995]
[149.53927612]
[139.73565674]
[150.07965088]
[176.20306396]
[106.28696442]
[113.80410004]
[150.9384613]
[153.66165161]
[152.98254395]
[164.82849121]
[155.81100464]
[201.85853577]
[222.6434021]
[239.96389771]
[184.39707947]
[222.41366577]
[220.18766785]
[224.31022644]
[239.68225098]
[162.79048157]
[168.73345947]
[160.00189209]
[133.41955566]
[116.64781952]
[118.84397125]
[153.18203735]
[156.62187195]
[160.46763611]
[145.21887207]
[103.16950989]
[124.296875]
[150.5345459]
[141.10404968]
[149.75119019]
[167.09721375]
[153.537323]
[83.78125763]
[83.77510834]
[107.79067993]
[148.05923462]
[156.96662903]
[156.93321228]
[160.70283508]
[196.02438354]
[147.02378845]
[157.28739929]
[75.69386292]
[100.29590607]
[112.38909912]
[157.31309509]
[148.65983582]
[154.2111969]
[144.21659851]
[137.53955078]
[131.09243774]
[90.46034241]
[135.35925293]
[151.85118103]
[143.28007507]
[139.6673584]
[142.09483337]
[141.46783447]
[122.94507599]
[90.87186432]
[139.66687012]
[132.10249329]
[125.83310699]
[90.14738464]
[169.62496948]
[168.66645813]
[150.27116394]
[138.32104492]
[123.78227234]
[124.23804474]
[120.25273895]
[103.85565186]
[80.00692749]
[90.25897217]
[87.1259079]
[86.59843445]
[152.6675415]
[158.80151367]
[125.66352844]
[115.55509186]
[83.57382965]
[99.66217804]
[80.22309113]
[117.91051483]
[131.17987061]
[107.0268631]
[111.73516846]
[87.63345337]
[171.22180176]
[181.29052734]
[155.64762878]
[162.7040863]
[124.24822998]
[132.48919678]
[97.51242828]
[123.5376358]
[136.2202301]
[102.11081696]
[101.96157837]
[101.46320343]
[142.0995636]
[132.8518219]
[148.96781921]
[142.18664551]
[166.92245483]
[149.09642029]
[170.25526428]
[122.92221832]
[112.43405914]
[162.35658264]
[153.74185181]
[134.2035675]
[126.22164154]
[196.10490417]
[199.32588196]
[160.08065796]
[167.14709473]
[220.17478943]
[169.14201355]
[149.26712036]
[147.15896606]
[135.33340454]
[130.17280579]
[128.89511108]
[111.30314636]
[123.97570801]
[131.95196533]
[126.50167847]
[200.18360901]
[199.5219574]
[149.77409363]
[183.51921082]
[146.56352234]
[146.41523743]
[140.36668396]
[153.41433716]
[70.05549622]
[68.79825592]
[181.37280273]
[177.52926636]
[143.12944031]
[95.56773376]
[132.17156982]
[148.20507812]
[144.8059845]
[160.12989807]
[121.94727325]
[134.7328186]
[109.90925598]
[98.12588501]
[93.26257324]
[93.1427536]
[105.33459473]
[129.00160217]
[101.3022995]
[114.1706543]
[125.76940155]
[105.84270477]
[103.16552734]
[119.46852112]
[118.10929108]
[129.7999115]
[112.57142639]
[130.09475708]
[79.01985168]
[140.45317078]
[116.85261536]
[127.11071777]
[144.69389343]
[137.86254883]
[80.56715393]
[102.70787811]
[101.64724731]
[111.33946991]
[178.80299377]
[154.28450012]
[188.46231079]
[164.66799927]
[158.97006226]
[210.35128784]
[198.72042847]
[98.3585434]
[147.48913574]
[155.25126648]
[137.66915894]
[96.26491547]
[99.10896301]
[123.58977509]
[126.13316345]
[106.78198242]
[100.92192841]
[189.52998352]
[226.93478394]
[221.98057556]
[195.74032593]
[214.44593811]
[215.13079834]
[107.71736908]
[98.65969086]
[107.86935425]
[111.97938538]
[172.19020081]
[142.08082581]
[146.91705322]
[170.51394653]
[109.37939453]
[99.29327393]
[97.07437897]
[122.89445496]
[107.81455994]
[124.19190216]
[125.7044754]
[113.47862244]
[118.03083038]
[130.16177368]
[112.35961914]
[143.15504456]
[164.6254425]
[136.96391296]
[153.59194946]
[144.0484314]
[156.07891846]
[137.2305603]
[124.13829041]
[125.34794617]
[152.3175354]
[139.44645691]
[136.15910339]
[118.15252686]
[101.70309448]
[134.01779175]
[136.91833496]
[140.73031616]
[124.99307251]
[112.28569031]
[105.271492]
[148.9908905]
[132.61987305]
[128.86405945]
[126.30757141]
[123.77511597]
[139.14614868]
[121.86526489]
[119.97940063]
[116.50310516]
[163.04226685]
[179.56764221]
[180.50421143]
[185.02397156]
[167.05804443]
[131.89993286]
[93.59352112]
[73.32681274]
[99.50982666]
[106.729599]
[84.26399231]
[124.14989471]
[177.55133057]
[183.19430542]
[161.13494873]
[229.20210266]
[208.93019104]
[229.92507935]
[257.21618652]
[235.59762573]
[234.88195801]
[290.38879395]
[250.58232117]
[214.61381531]
[166.74702454]
[148.29257202]
[145.18630981]
[185.42047119]
[112.1806488]
[103.10366821]
[122.0306015]
[99.64727783]
[124.72151947]
[88.81306458]
[136.81202698]
[141.73754883]
[145.37142944]
[99.57645416]
[138.01622009]
[113.82949829]
[117.4412384]
[109.25424194]
[134.04202271]
[105.24253082]
[99.24290466]
[151.7495575]
[186.80337524]
[202.27619934]
[147.03430176]
[163.0032196]
[147.00378418]
[127.57346344]
[109.743927]
[96.48229218]
[114.77090454]
[111.63555145]
[90.98101044]
[146.95610046]
[149.91603088]
[161.7833252]
[157.04428101]
[134.89871216]
[154.04032898]
[146.06726074]
[161.16601562]
[169.77355957]
[124.00544739]
[148.72579956]
[139.91261292]
[153.69548035]
[208.50585938]
[170.65110779]
[223.09098816]
[215.37289429]
[108.94707489]
[113.7215271]
[114.39729309]
[197.34124756]
[149.05302429]
[172.07162476]
[92.12177277]
[89.77571106]
[105.58007812]
[142.8271637]
[110.08460999]
[138.54853821]
[190.30284119]
[113.59703827]
[156.55291748]
[105.49544525]
[98.83113861]
[145.38188171]
[102.23474884]
[123.95902252]
[117.5539093]
[112.46104431]
[115.86763763]
[127.23974609]
[110.04826355]
[94.74446869]
[126.10707855]
[129.16183472]
[134.1446228]
[100.42518616]
[182.49868774]
[156.1618042]
[181.51130676]
[117.62338257]
[133.12927246]
[123.45378113]
[129.19883728]
[125.2015686]
[126.03733063]
[155.88208008]
[144.43927002]
[123.83151245]
[124.49584198]
[110.79970551]
[123.91454315]
[127.27559662]
[120.76574707]
[111.40531921]
[259.05755615]
[319.07196045]
[185.51501465]
[325.4786377]
[288.04187012]
[281.05328369]
[154.09913635]
[217.95205688]
[159.45466614]
[100.23399353]
[110.32259369]
[139.98693848]
[170.12956238]
[174.23545837]
[157.84951782]
[181.43225098]
[158.69558716]
[163.79704285]
[159.0521698]
[174.92832947]
[169.71235657]
[144.67645264]
[124.47753143]
[120.48336029]
[142.38244629]
[124.75645447]
[108.09060669]
[125.08721161]
[159.84976196]
[140.47077942]
[105.67668915]
[105.69587708]
[110.22411346]
[99.21469116]
[197.28347778]
[134.8278656]
[148.37298584]
[100.78742981]
[97.15748596]
[132.31767273]
[132.52862549]
[121.47406006]
[103.200737]
[100.9473877]
[125.01651764]
[93.30854034]
[92.60534668]
[139.4019165]
[154.46792603]
[123.18624878]
[135.115448]
[134.11819458]
[135.91404724]
[127.4745636]
[146.60813904]
[161.78503418]
[158.38952637]
[142.8815918]
[107.3154068]
[103.39478302]
[113.15621948]
[115.68701172]
[113.4469986]
[202.98176575]
[212.32745361]
[164.17651367]
[197.42802429]
[199.19613647]
[129.60430908]
[129.89082336]
[109.43146515]
[130.1693573]
[120.29825592]
[95.66117859]
[106.31742859]
[125.18144226]
[229.22581482]
[223.60783386]
[218.77374268]
[200.9563446]
[212.26635742]
[97.84082794]
[98.97589111]
[177.92268372]
[184.61207581]
[170.98052979]
[150.86540222]
[148.8085022]
[145.55235291]
[106.78157806]
[95.01622772]
[174.20309448]
[146.30618286]
[166.32931519]
[151.80839539]
[159.75221252]
[107.92420959]
[128.00866699]
[107.47409058]
[125.04636383]
[97.45753479]
[119.65605927]
[121.63532257]
[117.25762939]
[112.10611725]
[89.45323944]
[79.25090027]
[89.66294861]
[112.62859344]
[123.51072693]
[107.77183533]
[114.31126404]
[190.8885498]
[196.65252686]
[186.86201477]
[106.28096008]
[125.28820801]
[115.96551514]
[161.72703552]
[173.73783875]
[152.45492554]
[160.33514404]
[180.5579071]
[160.55114746]
[179.95549011]
[181.60343933]
[159.3422699]
[176.05111694]
[137.26850891]
[173.96101379]
[151.07037354]
[192.703125]
[179.27104187]
[208.9360199]
[197.78353882]
[114.36021423]
[106.76829529]
[109.88111115]
[148.40072632]
[110.8837738]
[119.08699799]
[154.64483643]
[126.29141235]
[156.92167664]
[198.62297058]
[99.39176941]
[97.94561005]
[114.61936951]
[120.40240479]
[164.26338196]
[94.996315]
[100.45275116]
[97.48052216]
[167.20960999]
[164.49084473]
[158.62823486]
[194.22109985]
[205.64642334]
[194.90629578]
[90.9863739]
[86.48744202]
[162.7911377]
[167.23469543]
[169.11561584]
[149.701828]
[105.48191071]
[107.95200348]
[122.53509521]
[100.65959167]
[126.01418304]
[170.18685913]
[161.34567261]
[125.36170197]
[147.59660339]
[146.81745911]
[113.75941467]
[144.26664734]
[136.07920837]
[176.83903503]
[164.78256226]
[140.63337708]
[175.04908752]
[183.01075745]
[232.65963745]
[208.31715393]
[132.2550354]
[128.10217285]
[127.33023071]
[138.32206726]
[117.91178131]
[120.79536438]
[139.73493958]
[150.4230957]
[139.73493958]
[150.4230957]
[180.84786987]
[163.57971191]
[206.93856812]
[215.67329407]
[297.91571045]
[237.41526794]
[235.15267944]
[239.89753723]
[277.67520142]
[122.29524231]
[107.82527161]
[175.06037903]
[166.13912964]
[151.08782959]
[135.57797241]
[129.39501953]
[137.47969055]
[158.08003235]
[135.14694214]
[124.19033051]
[131.83460999]
[112.36805725]
[125.07601929]
[115.75961304]
[232.29830933]
[184.85462952]
[136.85797119]
[107.01532745]
[120.02339172]
[131.58999634]
[152.98675537]
[148.49757385]
[151.39283752]
[130.93301392]
[117.227005]
[123.36993408]
[117.24669647]
[148.77392578]
[137.60351562]
[84.14862061]
[96.6750412]
[98.89547729]
[104.0450058]
[90.58104706]
[97.2545929]
[105.59096527]
[90.46660614]
[97.09777069]
[101.87921906]
[103.0331192]
[94.28794861]
[149.84991455]
[113.16996765]
[114.82670593]
[126.22369385]
[138.13670349]
[140.79377747]
[165.26643372]
[179.78094482]
[191.17419434]
[221.04740906]
[113.467659]
[133.02035522]
[128.16545105]
[103.97585297]
[127.31097412]
[127.34414673]
[116.57800293]
[117.89532471]
[107.76226807]
[96.66376495]
[152.56741333]
[121.23706818]
[106.02097321]
[103.62212372]
[105.32922363]
[104.30335236]
[105.48788452]
[101.53155518]
[111.32853699]
[103.14033508]
[123.56958008]
[142.82226562]
[98.30096436]
[112.1924057]
[101.07228088]
[95.59854889]
[106.19839478]
[111.76255798]
[89.8405838]
[131.6930542]
[119.8418808]
[143.94989014]
[150.1628418]
[144.04437256]
[126.83033752]
[134.65745544]
[142.00975037]
[111.05215454]
[117.17419434]
[119.23040771]
[110.22992706]
[111.79396057]
[109.58911133]
[140.28968811]
[148.87156677]
[109.58911133]
[124.26564026]
[119.1571579]
[111.63549042]
[138.88258362]
[103.84235382]
[109.59381866]
[115.70704651]
[117.27207184]
[87.57535553]
[93.36735535]
[181.61029053]
[197.89572144]
[193.6803894]
[205.95399475]
[229.17845154]
[210.88485718]
[209.26249695]
[204.55010986]
[191.96968079]
[105.69998169]
[123.80052185]
[136.10543823]
[95.85484314]
[110.6697464]
[111.30297089]
[121.49285126]
[101.57248688]
[104.44677734]
[108.14360809]
[155.39083862]
[160.96948242]
[180.25738525]
[175.84579468]
[169.20262146]
[203.72331238]
[298.07608032]
[237.95536804]
[264.6446228]
[247.55979919]
[218.13400269]
[264.89233398]
[125.29006195]
[149.13838196]
[138.4287262]
[156.05813599]
[151.99952698]
[171.18481445]
[188.17185974]
[145.55513]
[138.96763611]
[153.49815369]
[139.89675903]
[164.15072632]
[146.31034851]
[79.65130615]
[173.86849976]
[198.25010681]
[178.7355957]
[225.1036377]
[220.46777344]
[193.22833252]
[211.04803467]
[118.89601898]
[111.14170837]
[113.5035553]
[143.12590027]
[268.44241333]
[243.28216553]
[192.27787781]
[256.66546631]
[260.53146362]
[267.95126343]
[218.54786682]
[261.25061035]
[222.34745789]
[112.03323364]
[121.95848846]
[128.25411987]
[81.06394196]
[107.70922852]
[153.18083191]
[145.11799622]
[126.72258759]
[140.24304199]
[131.64486694]
[170.66171265]
[237.59414673]
[197.74516296]
[250.82785034]
[242.27886963]
[249.02253723]
[236.23129272]
[127.70320892]
[113.16301727]
[133.91313171]
[149.22357178]
[147.95930481]
[103.69103241]
[155.93035889]
[112.54685974]
[148.74620056]
[131.21994019]
[147.66166687]
[158.46832275]
[134.74839783]
[154.74984741]
[153.87008667]
[164.31526184]
[188.77909851]
[138.04963684]
[167.63694763]
[160.85162354]
[166.55841064]
[195.84660339]
[171.83111572]
[173.59130859]
[105.95618439]
[89.02304077]
[81.68467712]
[76.16619873]
[121.53695679]
[119.15816498]
[119.62908173]
[145.4355011]
[103.46533966]
[125.78226471]
[140.42977905]
[165.11231995]
[200.63504028]
[188.05583191]
[171.22845459]
[130.25637817]
[132.58718872]
[155.16625977]
[149.80122375]
[90.6568222]
[148.65534973]
[116.5599823]
[166.6516571]
[168.56311035]
[166.6516571]
[217.0947876]
[166.6516571]
[174.20288086]
[128.67626953]
[123.18977356]
[132.65371704]
[108.27898407]
[127.12091827]
[110.80064392]
[122.34198761]
[114.40653992]
[113.60819244]
[103.025383]
[181.27580261]
[175.64544678]
[207.47912598]
[199.0483551]
[202.88137817]
[202.32751465]
[130.1101532]
[127.44042969]
[150.43034363]
[107.24965668]
[92.33144379]
[103.26348114]
[95.46465302]
[89.29049683]
[188.94137573]
[154.51387024]
[202.15371704]
[181.0178833]
[239.01171875]
[91.53502655]
[123.58246613]
[106.61477661]
[94.54910278]
[136.19683838]
[137.62809753]
[163.83706665]
[124.76393127]
[132.29977417]
[202.44238281]
[202.44238281]
[175.53408813]
[182.61886597]
[132.38206482]
[189.68084717]
[123.54393005]
[106.65380859]
[128.02915955]
[101.95777893]
[108.53488922]
[87.52026367]
[76.4921875]
[126.41415405]
[119.75481415]
[92.66150665]
[114.23162079]
[122.32383728]
[128.28196716]
[137.54568481]
[126.03450775]
[158.87049866]
[138.72793579]
[177.95788574]
[168.21496582]
[176.29393005]
[183.71186829]
[221.47425842]
[243.90559387]
[236.7749939]
[224.4990387]
[228.40457153]
[272.59393311]
[91.31830597]
[103.7060318]
[165.54219055]
[215.74992371]
[206.31324768]
[204.44560242]
[143.55509949]
[102.30223083]
[108.01130676]
[93.94284058]
[93.33830261]
[104.36030579]
[108.84896088]
[105.18532562]
[95.92512512]
[106.79883575]
[227.67172241]
[202.64215088]
[241.77073669]
[190.2895813]
[188.77862549]
[153.94638062]
[165.2336731]
[175.88214111]
[111.71075439]
[141.77339172]
[126.29924011]
[180.48181152]
[145.64242554]
[129.95936584]
[131.35269165]
[137.4467926]
[148.32305908]
[156.67066956]
[113.68154144]
[107.71147919]
[116.28918457]
[116.2217865]
[150.66452026]
[178.76576233]
[164.31057739]
[171.66818237]
[173.41946411]
[189.93557739]
[94.09809875]
[122.67602539]
[143.88645935]
[160.22839355]
[160.81614685]
[172.55462646]
[172.94869995]
[171.23141479]
[166.65292358]
[157.22079468]
[166.19126892]
[159.77386475]
[150.12536621]
[118.45834351]
[132.01025391]
[136.27484131]
[142.79832458]
[107.09918976]
[117.70555115]
[114.83166504]
[172.20376587]
[186.25016785]
[172.40325928]
[185.27140808]
[118.0044632]
[114.36289215]
[149.07684326]
[158.40567017]
[147.09133911]
[176.57302856]
[157.85501099]
[183.56642151]
[113.43045044]
[131.32096863]
[113.00287628]
[117.64493561]
[147.04277039]
[146.65252686]
[134.31840515]
[139.53308105]
[91.79942322]
[74.16438293]
[185.46498108]
[144.46401978]
[162.97167969]
[154.19541931]
[151.35282898]
[152.07093811]
[126.40467834]
[120.36749268]
[136.17333984]
[108.94812012]
[101.3408432]
[136.26455688]
[112.54153442]
[112.20671844]
[141.85876465]
[148.28392029]
[116.56959534]
[94.08889008]
[110.92360687]
[146.883255]
[133.46983337]
[133.79872131]
[108.02069092]
[112.22366333]
[153.69424438]
[131.73852539]
[145.02694702]
[149.52302551]
[175.13961792]
[141.35641479]
[132.34725952]
[147.12121582]
[150.32615662]
[137.99781799]
[151.14402771]
[132.49714661]
[89.64834595]
[154.69812012]
[146.66308594]
[142.37886047]
[152.2071228]
[173.41647339]
[195.25382996]
[140.20053101]
[166.70881653]
[150.73440552]
