6
5
2
12
9
22
30
42
3
14
15
6
8
19
11
14
19
13
17
28
32
36
4
0
3
21
16
5
13
5
11
0
7
4
9
5
3
7
5
12
21
26
7
1
23
7
0
23
12
17
21
9
4
10
1
15
17
19
5
9
12
2
11
5
5
10
1
15
7
9
12
26
6
3
3
10
2
9
11
6
1
8
4
18
3
9
19
4
21
26
19
3
9
17
8
1
18
10
14
12
2
8
6
25
22
2
10
12
1
9
12
16
15
8
2
27
37
17
16
14
7
4
9
11
15
10
9
25
0
4
14
2
12
18
2
7
12
20
8
4
7
3
1
13
25
4
2
10
1
8
11
19
29
33
1
5
17
10
4
19
30
21
1
19
11
7
16
8
12
22
1
2
9
1
8
11
17
6
14
11
10
20
10
0
4
5
12
22
2
8
13
6
28
2
11
4
2
11
13
16
2
10
13
1
10
0
13
25
34
21
1
2
13
3
11
20
4
13
11
6
2
4
3
2
7
18
27
13
16
3
14
6
27
15
5
1
5
31
9
14
3
12
8
4
9
2
11
10
20
2
6
12
16
2
16
8
25
2
4
24
31
9
4
18
6
4
13
15
1
18
21
6
18
20
34
8
10
14
0
21
25
30
2
6
13
1
7
11
0
2
6
2
11
17
34
8
19
1
7
13
21
29
4
12
17
6
5
6
15
1
3
11
3
5
1
9
16
3
0
11
1
8
22
29
10
1
13
1
14
10
1
2
8
16
5
1
8
17
16
12
1
3
2
5
13
7
21
3
12
2
19
13
3
8
1
2
14
22
4
14
1
5
14
27
22
18
3
10
11
18
23
5
7
12
17
23
3
2
7
12
4
11
9
4
16
4
15
9
0
7
24
5
16
42
23
28
10
3
11
16
2
8
5
13
18
12
6
21
31
0
2
8
11
1
2
5
21
26
15
5
7
10
15
2
7
11
3
5
6
11
21
6
5
10
13
18
22
27
31
34
39
1
7
5
15
17
29
4
10
1
5
12
12
20
28
10
2
16
18
25
15
9
7
12
1
4
7
12
19
22
31
15
1
7
17
20
27
33
3
6
12
16
24
16
1
5
8
11
2
9
2
10
4
4
10
15
21
4
3
21
9
29
2
8
1
32
18
20
5
7
17
25
24
37
2
10
20
28
4
18
21
13
1
17
25
34
3
5
24
2
14
24
27
1
13
1
18
31
2
9
21
32
15
3
14
6
17
35
3
6
1
10
30
37
24
21
43
3
7
7
0
5
11
18
25
4
7
2
6
13
2
5
8
19
26
27
32
36
41
43
1
18
33
31
1
5
12
5
17
27
31
37
44
3
10
15
4
7
7
14
25
3
7
14
16
7
12
2
3
7
2
8
10
18
3
1
7
1
3
13
2
7
8
4
9
13
7
10
17
10
1
10
4
9
10
26
38
24
1
15
31
12
4
10
16
24
7
14
23
5
9
21
12
1
5
16
5
24
1
14
18
8
14
29
25
38
49
3
12
18
4
11
19
5
32
25
8
15
19
16
6
30
1
13
1
6
13
0
8
15
2
6
2
10
14
10
14
8
11
4
21
25
6
9
19
1
2
15
18
10
5
18
2
16
11
5
11
3
17
7
2
14
3
5
19
5
24
19
3
13
5
12
16
19
26
1
7
11
19
23
4
14
9
3
4
9
0
4
7
7
1
6
11
13
12
4
8
5
9
2
14
6
24
19
5
8
22
29
25
2
4
21
7
24
28
1
15
26
4
13
2
4
21
11
26
19
21
26
6
8
29
35
37
3
10
17
4
13
6
17
22
29
15
1
15
3
6
15
17
31
2
11
5
9
23
0
7
10
20
23
11
8
0
1
4
17
19
14
31
5
7
1
22
23
28
2
7
2
9
19
25
6
2
6
18
22
17
5
1
2
8
2
5
9
6
12
16
7
4
10
14
7
4
3
7
9
1
37
16
12
6
4
8
7
1
1
5
10
2
9
33
1
10
18
24
4
16
4
13
22
9
13
18
23
37
5
5
8
15
22
3
15
11
5
13
2
14
1
16
30
23
29
12
9
5
3
28
20
11
7
9
25
4
27
3
11
15
4
2
7
13
3
11
15
6
8
13
6
2
4
14
19
3
7
10
19
9
26
5
10
4
10
1
7
21
32
25
18
37
7
16
12
22
2
7
9
20
2
8
3
14
19
28
31
34
2
13
2
7
1
9
16
22
6
13
0
10
5
16
22
10
0
15
23
0
31
18
24
4
11
9
17
1
19
11
7
1
6
1
9
17
23
6
15
13
0
2
24
12
19
3
14
17
3
20
14
24
30
1
2
7
0
4
11
7
1
30
11
6
10
15
29
33
44
56
42
51
2
9
15
32
4
3
9
15
18
3
2
6
23
18
3
9
2
15
21
2
6
19
6
14
22
24
2
9
2
11
4
12
16
3
9
19
7
12
29
21
2
1
17
15
14
9
6
16
1
34
5
11
6
6
14
29
3
11
4
10
25
19
1
12
15
2
8
2
13
19
8
9
0
4
5
11
2
11
17
12
1
23
31
6
14
16
24
22
3
7
14
1
11
7
20
17
21
5
33
26
15
13
19
52
1
9
18
1
4
21
2
15
12
27
17
22
9
11
30
1
7
16
5
11
7
2
8
3
6
7
11
15
3
13
21
1
15
1
7
19
7
13
8
12
6
3
8
1
12
15
5
24
27
1
9
18
3
8
2
1
9
3
7
12
21
33
5
13
18
3
13
2
9
2
2
19
35
39
43
2
9
3
8
13
17
20
25
3
9
5
11
34
16
4
11
23
5
13
3
10
15
8
11
1
6
14
3
2
12
9
1
17
31
6
4
17
26
8
15
29
3
22
6
13
10
19
22
26
12
24
5
31
18
7
8
16
1
10
18
1
14
8
9
8
12
0
15
3
1
7
14
11
0
35
31
38
4
4
7
6
0
17
25
4
10
2
4
12
7
15
1
12
18
2
3
14
11
6
25
26
13
39
19
10
0
13
19
10
15
10
20
10
20
30
6
3
19
11
27
34
51
42
3
6
1
7
12
17
16
21
5
11
17
25
7
12
17
2
16
6
7
16
22
2
18
21
4
10
12
6
5
14
2
9
1
5
8
12
1
6
9
14
6
8
11
15
21
10
12
22
5
17
23
32
2
11
23
8
16
1
5
11
16
6
1
11
15
1
12
4
7
9
3
7
14
10
4
9
16
1
7
1
3
1
11
23
15
2
4
18
12
6
12
19
11
17
23
19
3
23
10
4
16
1
3
8
14
4
7
8
1
23
5
14
16
12
30
38
43
2
16
23
7
18
15
2
15
11
18
12
24
37
3
29
1
14
23
30
37
41
47
3
17
22
4
13
17
3
16
25
6
10
14
22
2
14
1
18
20
28
34
40
19
9
13
2
2
7
17
13
24
23
28
41
44
1
12
1
3
7
0
4
10
19
23
30
1
19
22
25
34
46
14
21
24
1
6
9
24
2
2
16
12
27
4
12
0
14
1
24
1
7
18
23
27
10
9
13
0
4
4
8
18
12
2
8
3
23
26
32
15
2
4
15
26
3
23
9
1
30
1
24
1
10
21
15
2
9
13
18
16
2
13
5
6
26
1
28
16
0
19
16
23
5
4
8
2
7
8
13
19
34
2
1
8
13
6
1
11
13
19
25
34
34
28
5
20
14
2
11
15
14
6
15
11
11
19
4
2
15
15
22
4
8
9
0
19
30
28
5
12
34
39
45
24
9
13
6
0
29
20
2
7
16
2
11
3
8
9
7
3
1
20
34
18
10
20
25
1
11
16
4
7
8
16
20
4
6
21
3
8
16
21
8
2
9
16
26
33
5
18
10
15
18
23
30
33
1
16
28
2
7
12
16
20
4
7
16
20
11
13
32
41
7
18
9
20
0
1
13
28
4
18
1
20
7
2
12
23
7
10
6
10
19
2
22
9
5
13
18
8
4
2
5
18
11
20
2
6
12
7
15
25
2
6
7
16
20
25
22
2
8
14
26
13
21
25
2
2
17
19
23
29
4
10
21
23