8
7
3
14
7
20
28
40
3
17
6
15
14
16
18
21
34
41
47
4
4
19
6
14
7
15
9
5
11
4
4
12
23
30
1
27
7
17
20
5
12
0
14
12
15
3
2
9
2
12
15
32
3
3
9
2
9
2
6
4
14
5
23
4
3
11
19
9
20
3
12
10
29
26
1
9
12
1
16
19
2
28
9
37
12
7
2
10
13
17
11
26
6
18
2
16
22
2
22
7
5
9
4
1
18
31
4
11
1
27
36
12
7
21
0
22
1
15
8
18
8
13
23
2
9
1
13
6
14
12
11
5
26
13
24
3
9
17
33
2
7
2
11
16
3
16
1
11
15
30
39
1
4
20
14
28
36
11
3
22
5
13
9
2
4
2
20
31
17
19
15
18
7
1
1
6
37
11
13
9
5
1
4
14
13
24
2
8
14
7
2
3
2
3
26
4
22
7
9
11
13
6
19
21
35
22
33
7
13
1
1
5
11
1
9
10
2
9
2
10
16
34
11
23
1
7
12
22
28
4
7
7
10
6
17
1
11
6
1
10
5
1
9
22
31
16
1
16
2
12
1
16
2
8
17
5
1
2
10
22
11
1
16
3
2
4
15
3
2
20
12
3
3
2
2
14
5
17
7
16
26
20
3
4
16
27
32
5
7
11
16
23
18
0
2
13
6
7
15
1
6
18
6
7
0
8
26
6
18
49
24
29
10
4
12
1
2
9
35
17
7
1
0
37
2
9
9
1
2
10
5
21
26
5
7
16
23
2
7
13
3
6
8
12
21
6
6
12
15
20
24
30
35
38
1
7
6
17
19
31
4
10
1
5
12
11
19
30
13
20
31
11
6
11
9
15
22
25
35
0
16
18
1
32
37
25
16
20
0
16
1
8
11
21
2
9
12
6
2
8
13
19
4
20
8
26
3
3
11
1
36
38
2
10
20
32
4
19
22
3
20
29
40
4
6
27
2
14
17
19
21
1
16
1
8
21
2
9
15
6
23
43
3
6
1
36
45
29
53
3
10
7
6
16
24
32
6
9
2
6
12
2
5
9
31
32
38
41
46
49
20
1
21
38
0
14
5
19
27
31
38
44
4
12
4
8
5
13
15
7
8
17
2
3
7
2
14
18
0
7
1
3
14
3
11
9
5
11
14
7
22
12
1
4
9
28
39
11
4
20
4
36
17
9
15
24
7
22
5
9
9
23
1
5
16
9
32
14
32
28
37
42
53
7
3
4
11
5
35
25
11
18
25
17
6
34
1
10
1
6
2
8
2
5
2
11
15
9
12
4
23
25
7
10
14
21
1
17
19
11
20
8
7
23
26
20
5
3
18
8
2
15
3
5
22
5
29
24
4
16
6
14
19
21
28
1
10
15
25
7
15
11
4
13
5
7
1
7
12
14
17
6
10
4
9
2
14
7
29
33
11
25
32
2
5
23
8
27
1
19
31
4
14
2
24
30
26
35
7
46
48
28
42
4
4
20
4
15
2
7
22
27
33
14
1
18
4
17
33
2
11
11
27
8
12
23
27
3
9
1
18
20
5
8
1
25
2
7
2
9
9
7
2
7
21
27
21
6
2
7
3
7
11
6
20
8
5
10
19
7
4
8
11
6
2
2
2
2
2
2
14
7
5
18
9
5
2
12
7
2
11
41
2
12
5
2
17
14
24
31
7
19
23
4
18
15
7
17
21
16
19
9
31
15
26
8
6
26
16
35
9
10
32
5
28
3
12
17
4
3
8
13
3
11
15
6
8
15
3
13
3
7
11
22
10
4
9
4
21
1
7
25
34
39
7
19
21
3
8
12
24
10
3
16
31
34
36
2
9
2
7
1
8
17
24
7
14
6
0
8
24
11
20
23
37
35
21
28
4
11
20
1
19
9
2
13
8
1
23
29
12
8
17
17
0
4
30
5
4
17
28
1
7
1
16
1
7
1
6
14
8
18
31
6
10
15
31
35
46
58
4
12
21
41
5
2
8
13
15
4
2
7
25
20
3
9
2
15
22
2
10
20
23
26
8
2
8
2
14
5
14
20
3
11
24
7
12
35
13
20
35
7
5
9
7
8
14
3
12
13
28
22
7
1
15
19
4
10
2
18
17
5
12
2
12
20
15
2
2
25
31
7
15
20
4
8
17
1
11
8
0
4
23
19
33
25
54
14
20
0
18
10
2
12
25
3
20
15
30
11
13
33
2
8
21
6
14
2
8
6
4
8
11
15
3
15
24
1
14
1
23
8
15
8
5
5
1
13
16
5
2
11
22
3
4
1
8
4
14
24
37
5
11
3
14
2
9
2
2
22
39
3
9
3
13
17
20
24
3
9
8
14
47
4
13
14
25
5
13
5
13
11
1
17
4
2
16
0
21
38
7
3
19
34
9
19
38
13
22
27
31
4
18
15
8
34
27
9
9
17
0
8
16
0
18
7
6
10
3
1
15
36
45
7
2
5
9
10
23
33
5
2
5
13
9
19
19
1
11
3
3
19
28
13
41
0
15
22
10
13
17
20
31
5
23
33
42
63
68
5
9
9
1
7
13
19
23
6
25
16
23
14
2
19
5
8
17
23
2
19
23
7
13
16
8
8
8
2
9
2
6
10
1
14
9
13
20
6
8
13
17
13
24
6
21
37
5
15
30
10
17
10
7
17
6
1
12
18
1
16
7
9
4
8
3
1
9
1
3
1
9
14
2
4
17
11
8
11
24
10
4
16
3
11
19
0
7
8
1
28
6
17
16
20
22
36
43
48
1
17
25
7
9
23
3
21
17
24
13
26
40
1
1
1
15
25
43
48
54
4
25
31
6
17
21
15
24
4
7
11
15
24
2
18
23
26
37
43
49
54
9
12
16
11
31
49
3
15
24
44
0
11
0
2
6
4
9
1
2
20
22
33
46
15
7
10
25
2
2
20
18
4
12
0
19
14
0
19
23
30
9
9
0
4
8
19
4
11
3
27
29
36
2
4
17
27
3
26
9
1
33
31
24
2
15
22
2
18
5
8
25
36
29
17
17
1
24
5
4
8
7
9
14
20
37
1
7
12
8
1
11
14
20
25
28
4
21
24
33
2
13
18
15
12
17
11
19
8
2
13
22
3
7
11
21
32
35
33
7
39
43
48
11
6
30
2
6
16
3
14
3
8
10
1
20
36
11
22
1
15
13
20
10
19
24
4
6
23
3
14
23
31
11
4
10
15
19
33
36
5
23
11
16
24
30
21
19
34
2
8
14
19
21
0
11
19
24
13
15
34
44
8
19
9
22
0
13
23
4
17
0
22
9
3
13
24
6
8
6
10
2
27
6
15
22
8
3
7
13
22
2
7
14
10
18
30
2
7
8
21
27
3
10
16
27
13
23
29
4
3
19
21
24
30
10
21
23
4