6
18
30
34
7
6
4
8
22
2
5
18
11
33
21
23
4
14
20
4
14
20
44
33
2
1
13
34
16
4
19
9
2
14
8
10
2
14
1
11
2
2
16
24
6
10
4
18
25
14
1
6
9
1
5
1
24
9
5
1
11
13
14
4
6
19
22
8
15
1
2
11
5
6
1
10
9
4
19
12
2
11
19
13
1
10
1
4
1
1
8
11
4
2
21
11
1
19
22
4
1
4
17
29
37
2
8
13
5
8
11
16
23
27
10
7
18
22
16
7
1
6
11
4
9
17
1
2
2
1
3
7
11
2
7
17
22
8
16
22
25
7
14
3
24
22
4
7
1
13
15
9
23
48
40
7
19
25
28
0
28
1
11
32
5
16
21
44
2
18
5
11
7
27
32
22
7
27
32
42
7
0
6
23
9
2
20
28
30
1
1
12
16
5
11
15
16
3
5
7
21
3
12
15
0
20
13
2
26
5
4
13
4
5
9
1
9
13
3
10
13
1
23
13
9
2
7
23
38
1
40
47
54
1
20
28
35
0
10
20
24
13
2
7
11
16
19
25
30
3
8
10
24
6
1
3
12
22
26
29
10
14
16
19
26
0
18
2
1
6
19
14
4
3
20
37
30
5
21
38
34
4
2
19
27
5
10
15
7
0
1
1
10
1
7
11
3
8
12
17
22
13
0
34
16
31
3
22
30
2
14
11
1
28
35
37
50
46
16
11
14
8
5
20
14
22
32
6
16
4
23
17
1
9
1
9
13
10
6
13
9
7
10
4
1
4
5
11
6
2
21
2
13
2
11
14
1
31
25
20
6
15
17
1
7
14
4
16
62
35
6
48
55
62
3
2
8
11
6
7
20
16
2
1
7
7
11
18
27
2
14
10
22
7
7
0
7
4
12
8
3
15
26
29
4
16
1
7
14
31
42
25
2
1
6
10
19
2
7
5
1
9
22
30
38
41
5
11
28
19
33
9
15
9
9
5
1
0
19
10
8
10
13
4
1
1
1
22
32
9
30
35
1
17
25
2
1
10
6
2
15
6
19
6
25
30
10
0
6
1
13
3
21
1
14
1
16
7
20
1
19
23
33
36
26
20
9
14
21
8
12
5
3
13
4
23
9
18
10
16
7
3
21
5
11
15
6
11
5
12
1
5
8
11
5
11
3
10
20
3
17
8
1
2
15
22
6
1
23
11
16
1
4
1
10
4
18
21
4
12
9
28
3
27
32
36
19
13
3
8
1
8
2
5
4
11
26
2
9
3
22
15
12
1
25
15
11
16
3
21
17
2
34
5
9
17
28
7
19
4
13
28
31
1
6
11
2
20
26
10
2
16
2
4
13
1
3
10
5
11
3
16
7
23
1
5
10
32
10
16
42
26
57
6
1
5
13
1
2
10
12
18
26
0
10
3
13
21
22
10
0
15
6
4
16
1
5
7
14
9
7
0
25
19
28
4
0
7
13
15
25
30
2
1
1
9
10
2
31
20
1
10
21
25
7
2
12
21
24
10
14
2
8
13
22
28
33
11
4
9
22
3
15
1
9
15
20
2
26
0
14
9
20
1
2
4
5
3
14
21
28
31
23
5
0
4
15
9
21
32
47
36
9
11
3
7
2
10
5
4
10
2
25
20
2
15
20
9
23
5
8
18
6
13
4
18
1
7
11
2
7
14
3
30
15
10
27
20
4
16
1
3
13
17
5
13
11
25
1
7
14
19
30
5
1
11
5
1
3
6
2
26
1
7
16
1
5
15
4
2
3
7
10
18
1
2
6
16
18
27
2
7
16
5
26
30
1
9
1
6
10
1
4
9
10
18
3
10
24
20
17
1
2
10
13
26
18
26
19
7
9
16
2
26
7
13
7
4
25
31
3
13
9
6
1
25
22
3
9
6
17
20
5
25
31
15
23
3
3
8
18
20
23
31
2
13
18
10
11
17
24
9
4
7
25
10
11
1
8
29
21
19
1
4
1
1
6
18
22
44
2
11
7
16
4
28
30
37
24
3
1
11
2
1
8
20
11
2
9
14
27
32
24
6
3
11
2
15
8
23
12
5
2
11
1
26
2
9
29
19
7
34
7
2
11
23
26
35
2
18
31
27
41
4
4
2
23
15
3
1
2
4
1
1
6
11
20
14
12
4
22
29
19
22
27
14
10
2
8
5
10
22
19
2
17
28
6
1
18
9
16
29
31
22
6
15
1
12
3
6
15
17
13
6
7
5
3
4
8
18
12
32
5
11
0
17
29
61
29
82
43
34
56
74
1
7
2
13
24
29
31
0
8
0
1
9
15
4
6
16
20
28
13
14
5
2
6
1
5
2
7
2
10
7
2
7
28
36
8
23
11
6
1
17
5
9
3
2
2
6
24
18
29
5
9
18
2
10
5
7
15
2
7
1
11
2
2
16
26
1
33
35
23
7
2
7
4
10
14
19
9
26
7
19
16
12
0
8
20
30
36
43
3
6
4
10
26
16
8
5
0
2
14
11
26
54
37
26
40
6
58
7
8
19
25
1
42
35
6
12
5
14
2
13
0
25
30
19
3
11
17
3
28
4
9
9
6
23
4
1
1
15
10
1
2
12
17
7
2
16
21
4
3
6
6
13
1
10
24
9
14
6
7
24
3
7
1
19
4
16
9
9
14
2
5
12
18
3
30
25
50
75
13
5
18
3
5
1
14
2
4
8
6
9
6
5
9
16
25
5
7
1
17
1
17
1
3
9
1
8
0
10
8
4
1
16
9
1
5
11
26
1
38
36
21
5
2
11
20
19
13
7
1
6
12
19
5
1
24
17
9
29
1
8
25
6
1
1
3
12
5
15
1
6
20
16
26
23
9
0
20
2
5
2
5
20
25
3
6
4
10
13
2
11
19
22
30
3
8
21
15
28
3
1
4
8
18
24
9
1
1
9
16
1
12
7
16
24
9
3
4
13
2
1
1
19
22
3
13
3
13
25
33
43
45
5
19
24
34
1
3
14
18
3
7
14
7
0
13
0
6
11
18
9
20
5
4
9
18
12
8
22
3
15
66
1
39
87
23
93
31
13
16
2
7
3
7
29
16
20
25
10
15
33
2
18
12
9
4
14
33
29
13
3
14
20
8
3
2
6
12
15
16
6
10
8
20
4
4
1
7
5
2
14
22
37
3
8
23
32
15
19
10
14
4
1
5
10
17
21
22
28
2
1
6
0
9
1
21
16
10
5
43
33
36
5
25
20
3
11
6
2
8
4
13
17
26
15
7
10
12
3
26
3
7
11
15
11
16
6
1
21
3
31
1
4
7
4
14
17
12
2
8
12
3
16
21
4
15
2
11
1
12
20
26
1
1
4
13
11
1
4
13
1
10
20
7
11
1
3
1
27
25
17
2
5
10
4
7
11
16
24
1
9
15
19
1
1
18
6
18
14
1
3
10
4
15
29
36
47
52
10
3
13
3
7
12
0
11
17
1
7
22
3
11
1
14
27
10
1
7
2
4
10
4
6
8
0
2
6
15