1
7
2
2
15
1
1
8
10
10
10
3
0
15
22
5
1
3
5
1
7
6
24
2
3
25
7
14
6
2
11
1
2
7
10
1
13
2
17
2
8
15
2
13
22
23
33
34
18
1
10
5
1
10
7
25
16
32
19
21
6
13
6
2
8
1
2
22
15
26
5
6
3
16
3
7
58
29
23
13
2
23
28
29
13
1
13
1
18
12
1
8
4
14
18
23
35
41
4
14
20
6
0
14
1
1
6
8
2
11
9
1
1
6
1
6
13
24
0
8
3
9
32
0
23
3
10
8
15
28
1
19
30
49
9
9
14
22
15
12
4
31
39
25
3
10
1
10
2
1
10
15
22
5
21
15
1
8
9
12
18
20
34
30
33
2
16
8
14
2
14
10
2
10
1
9
2
8
15
1
6
1
12
8
17
1
1
5
1
12
30
1
8
8
15
12
16
31
7
2
28
23
11
4
7
15
18
1
4
8
21
14
23
28
32
48
41
0
4
10
9
12
3
19
1
7
1
9
6
16
1
1
4
14
1
4
7
14
19
23
11
7
16
22
1
4
8
14
3
8
1
17
5
27
2
16
25
29
3
6
2
17
22
8
36
2
1
9
16
14
0
22
18
8
19
24
18
25
1
5
4
6
11
15
18
24
26
11
2
2
6
6
6
19
28
6
10
12
19
24
32
12
3
8
2
17
32
5
10
18
6
3
2
1
9
0
12
1
12
1
14
1
6
11
16
23
14
1
6
8
7
16
9
7
1
20
17
1
5
7
18
13
1
14
9
1
1
7
1
14
1
1
10
15
5
14
17
4
10
7
7
26
0
18
1
16
19
9
7
4
15
33
17
3
6
5
7
9
1
13
1
3
3
12
1
4
13
23
10
5
10
20
1
10
2
1
6
2
1
13
7
1
7
4
3
6
7
2
11
18
5
13
18
9
5
1
1
5
20
11
12
1
29
19
19
27
19
9
13
29
22
2
2
23
30
14
16
31
11
1
3
9
12
1
8
17
38
28
14
7
14
2
4
11
1
3
0
6
2
4
10
22
19
22
1
8
14
3
2
1
12
18
2
8
15
15
15
9
1
8
1
6
3
9
13
2
21
23
25
35
3
21
7
15
8
9
1
10
3
23
12
6
5
16
3
9
11
15
12
35
3
9
23
29
31
1
9
13
2
25
22
30
1
16
4
1
9
0
8
0
17
10
27
22
24
32
15
5
9
15
2
14
27
29
34
19
12
1
4
1
6
8
13
26
22
20
9
4
23
17
11
6
25
6
0
9
16
4